#  left-edge  right-edge       scale-central  central-error        scale-min      min-error        scale-max      max-error      rel-down     rel-up
           0           5           9.5905035       0.162148        9.1313256       0.158623        9.9840998       0.163761        -4.79%      4.10%
           5          10           9.5666143       0.169496        8.9276263       0.148609        9.9589745       0.170946        -6.68%      4.10%
          10          15           5.7066727      0.0816355        5.3645779      0.0724206        5.9374652      0.0900257        -5.99%      4.04%
          15          20           5.0450560      0.0821801        4.7860715      0.0732307        5.2195422      0.0903493        -5.13%      3.46%
          20          25           5.3739697      0.0915989        5.1186452      0.0819307        5.5440676       0.100427        -4.75%      3.17%
          25          30           5.4791598       0.110105        5.2412610      0.0994113        5.6311419       0.119882        -4.34%      2.77%
          30          35           5.3326500       0.105602        5.1251875      0.0955150        5.4611561       0.103951        -3.89%      2.41%
          35          40           4.9351804      0.0964538        4.7443414      0.0862901        5.0557673      0.0956724        -3.87%      2.44%
          40          45           3.7114399      0.0740587        3.5500719      0.0664897        3.8227631      0.0808939        -4.35%      3.00%
          45          50           2.2421984      0.0384589        2.1330162      0.0357428        2.3441469      0.0429554        -4.87%      4.55%
          50          55           1.4214270      0.0280360        1.3570313      0.0253960        1.5013067      0.0313122        -4.53%      5.62%
          55          60           1.0051750      0.0221840       0.96075592      0.0200973        1.0602746      0.0247739        -4.42%      5.48%
          60          65          0.77584167      0.0213168       0.74469901      0.0193111       0.81447257      0.0238061        -4.01%      4.98%
          65          70          0.68592636      0.0215924       0.65871375      0.0195596       0.71968223      0.0241152        -3.97%      4.92%
          70          75          0.52947308      0.0277672       0.51299061      0.0251474       0.54991876      0.0310179        -3.11%      3.86%
          75          80          0.51344743      0.0266950       0.49467687      0.0241762       0.53673136      0.0298203        -3.66%      4.53%
          80          85          0.42988195      0.0256373       0.41491638      0.0232178       0.44844598      0.0286392        -3.48%      4.32%
          85          90          0.34574184      0.0232501       0.33369437      0.0210558       0.36068612      0.0259727        -3.48%      4.32%
          90          95          0.25031324      0.0164085       0.24019980      0.0148607       0.26285845      0.0183289        -4.04%      5.01%
          95         100          0.19822225      0.0200971       0.18831999      0.0181979       0.21050550      0.0224531        -5.00%      6.20%
         100         105          0.15105597      0.0168856       0.14309732      0.0152898       0.16092829      0.0188653        -5.27%      6.54%
         105         110          0.13044260     0.00999467       0.12268650     0.00905095       0.14006365      0.0111655        -5.95%      7.38%
         110         115         0.093150751     0.00686900      0.087909630     0.00622123      0.099652097     0.00767279        -5.63%      6.98%
         115         120         0.074906582     0.00564413      0.070625767     0.00511196      0.080216717     0.00630448        -5.71%      7.09%
         120         125         0.056143771     0.00488798      0.053041203     0.00441871      0.059933756     0.00545986        -5.53%      6.75%
         125         130         0.060379256     0.00485594      0.056556615     0.00439786      0.065121049     0.00542433        -6.33%      7.85%
         130         135         0.045486700     0.00392959      0.042347567     0.00360171      0.049237640     0.00430974        -6.90%      8.25%
         135         140         0.038289633     0.00258626      0.035657306     0.00230158      0.041439725     0.00293476        -6.87%      8.23%
         140         145         0.025565101     0.00445438      0.023815557     0.00405382      0.027722355     0.00491746        -6.84%      8.44%
         145         150         0.034236082     0.00478709      0.031721859     0.00431862      0.037211413     0.00534000        -7.34%      8.69%
         150         155         0.026671678     0.00332349      0.024560484     0.00296136      0.029240857     0.00376068        -7.92%      9.63%
         155         160         0.020931555     0.00492745      0.019362992     0.00450245      0.022839304     0.00540969        -7.49%      9.11%
         160         165         0.023929657     0.00482204      0.021933237     0.00439153      0.026321300     0.00531488        -8.34%      9.99%
         165         170         0.014450890     0.00203450      0.013333384     0.00181217      0.015824414     0.00230063        -7.73%      9.50%
         170         175         0.010867133     0.00232352      0.010030540     0.00207369      0.011923582     0.00262301        -7.70%      9.72%
         175         180         0.015595398     0.00240865      0.014288779     0.00214660      0.017168709     0.00272327        -8.38%     10.09%
         180         185         0.012518780     0.00130941      0.011454087     0.00116456      0.013827868     0.00148441        -8.50%     10.46%
         185         190         0.010530479     0.00100165     0.0096034738    0.000898697      0.011677762     0.00112430        -8.80%     10.89%
         190         195        0.0095610375    0.000911328     0.0087478256    0.000810030      0.010562680     0.00103520        -8.51%     10.48%
         195         200        0.0081548982    0.000839167     0.0074367566    0.000743703     0.0090494499    0.000955912        -8.81%     10.97%
         200         205        0.0057314880    0.000891190     0.0052156600    0.000786865     0.0063843026     0.00101981        -9.00%     11.39%
         205         210         0.011451283     0.00490243      0.010317970     0.00436026      0.012837057     0.00555159        -9.90%     12.10%
         210         215       0.00077408157     0.00487427    0.00064343469     0.00544617    0.00090148020     0.00493859       -16.88%     16.46%
         215         220        0.0064346963     0.00110418     0.0057653754    0.000971838     0.0072801159     0.00126770       -10.40%     13.14%
         220         225        0.0047647876     0.00132546     0.0043073394     0.00116846     0.0053454522     0.00151744        -9.60%     12.19%
         225         230        0.0048297974     0.00139343     0.0043601632     0.00122955     0.0054090826     0.00159290        -9.72%     11.99%
         230         235        0.0023627001     0.00123965     0.0021324833     0.00109070     0.0026763599     0.00142261        -9.74%     13.28%
         235         240        0.0044896317    0.000824285     0.0040617003    0.000729564     0.0050163523    0.000939511        -9.53%     11.73%
         240         245        0.0041075822    0.000893263     0.0037174231    0.000787405     0.0045931570     0.00102304        -9.50%     11.82%
         245         250        0.0022177408     0.00105516     0.0020200516    0.000934940     0.0024778609     0.00120086        -8.91%     11.73%
         250         255        0.0040616777    0.000843871     0.0036567832    0.000751895     0.0045621786    0.000954117        -9.97%     12.32%
         255         260        0.0027600053    0.000397804     0.0024715031    0.000342770     0.0031223314    0.000467762       -10.45%     13.13%
         260         265        0.0022352443    0.000349908     0.0020057238    0.000303411     0.0025321019    0.000408347       -10.27%     13.28%
         265         270        0.0015423879    0.000803286     0.0014335478    0.000684010     0.0016829874    0.000955846        -7.06%      9.12%
         270         275        0.0028444369    0.000799627     0.0025198500    0.000683396     0.0032599490    0.000947951       -11.41%     14.61%
         275         280        0.0020496681    0.000427979     0.0018283414    0.000379664     0.0023381212    0.000482241       -10.80%     14.07%
         280         285        0.0018531851    0.000373688     0.0016628764    0.000330721     0.0020884547    0.000421701       -10.27%     12.70%
         285         290        0.0018421832    0.000256067     0.0016386500    0.000221769     0.0020994101    0.000299312       -11.05%     13.96%
         290         295        0.0018271827    0.000275508     0.0016213149    0.000239828     0.0020946764    0.000320754       -11.27%     14.64%
         295         300        0.0020451869    0.000388024     0.0018120502    0.000341333     0.0023393934    0.000445382       -11.40%     14.39%
         300         305        0.0014166329    0.000182581     0.0012684320    0.000156163     0.0016061015    0.000216788       -10.46%     13.37%
         305         310       0.00099029877    0.000352457    0.00088945830    0.000307184     0.0011215852    0.000409043       -10.18%     13.26%
         310         315       0.00044130080    0.000446295    0.00040736898    0.000431969    0.00048958785    0.000514188        -7.69%     10.94%
         315         320        0.0014423492    0.000200638     0.0012774785    0.000173536     0.0016497852    0.000234866       -11.43%     14.38%
         320         325       0.00083674191    0.000209581    0.00074001415    0.000180642    0.00096232416    0.000246470       -11.56%     15.01%
         325         330       0.00077078299    0.000181827    0.00067191141    0.000154735    0.00089986934    0.000216701       -12.83%     16.75%
         330         335       0.00069984482    0.000358862    0.00061388397    0.000314081    0.00081419880    0.000414116       -12.28%     16.34%
         335         340        0.0011403170    0.000363852     0.0010024243    0.000317989     0.0013175253    0.000420579       -12.09%     15.54%
         340         345       0.00064278692    0.000209446    0.00057705802    0.000170641    0.00072726402    0.000262680       -10.23%     13.14%
         345         350       0.00058446366    0.000120777    0.00052174078    0.000103069    0.00066638294    0.000143547       -10.73%     14.02%
         350         355       0.00079356867    0.000136511    0.00069809778    0.000116678    0.00091790526    0.000162031       -12.03%     15.67%
         355         360       0.00051733477    0.000314541    0.00046717005    0.000261913    0.00058470500    0.000384855        -9.70%     13.02%
         360         365       0.00044623509    0.000326970    0.00040474982    0.000277066    0.00049944575    0.000392270        -9.30%     11.92%
         365         370       0.00046692269    0.000168716    0.00041315310    0.000144633    0.00053547576    0.000199351       -11.52%     14.68%
         370         375       0.00035996683    0.000207284    0.00032262680    0.000176100    0.00040995294    0.000247502       -10.37%     13.89%
         375         380       0.00036090630    9.94910e-05    0.00032449342    8.48783e-05    0.00040939737    0.000118551       -10.09%     13.44%
         380         385       0.00044332176    0.000289751    0.00039171002    0.000244686    0.00051265542    0.000348320       -11.64%     15.64%
         385         390       0.00012858430    0.000269197    0.00012559715    0.000226793    0.00013207249    0.000290599        -2.32%      2.71%
         390         395       0.00041012841    0.000109930    0.00036930716    9.42940e-05    0.00046273038    0.000130005        -9.95%     12.83%
         395         400       0.00045592087    0.000128267    0.00039808523    0.000108046    0.00053176073    0.000154694       -12.69%     16.63%
         400         405       0.00073998739    0.000196030    0.00063533533    0.000163284    0.00087632476    0.000239746       -14.14%     18.42%
         405         410       0.00017427207    0.000101117    0.00014923965    8.49162e-05    0.00020920947    0.000122475       -14.36%     20.05%
         410         415       0.00059801519    0.000330938    0.00051381664    0.000278687    0.00070765104    0.000398919       -14.08%     18.33%
         415         420       0.00040773184    8.90963e-05    0.00034946247    7.54445e-05    0.00048456264    0.000106887       -14.29%     18.84%
         420         425      -0.00012101132    0.000321916   -0.00015572153    0.000387765   -9.3300742e-05    0.000271268        28.68%    -22.90%
         425         430       0.00029976651    5.92911e-05    0.00025750539    4.80021e-05    0.00035610426    7.50950e-05       -14.10%     18.79%
         430         435        0.0010033826    0.000681048    0.00087350562    0.000595641     0.0011668309    0.000786270       -12.94%     16.29%
         435         440      -0.00037691397    0.000683254   -0.00043289233    0.000763383   -0.00033178650    0.000618661        14.85%    -11.97%
         440         445       0.00020327761    6.38750e-05    0.00018370909    5.23438e-05    0.00022943645    7.95529e-05        -9.63%     12.87%
         445         450       0.00031307079    0.000180191    0.00026746999    0.000152417    0.00037364759    0.000216333       -14.57%     19.35%
         450         455       0.00012251016    0.000170011    0.00011106564    0.000144338    0.00013801158    0.000203160        -9.34%     12.65%
         455         460       0.00031408451    8.41754e-05    0.00026747466    6.94321e-05    0.00037684789    0.000104196       -14.84%     19.98%
         460         465       0.00021031188    8.42833e-05    0.00018152684    6.78103e-05    0.00025107569    0.000107390       -13.69%     19.38%
         465         470       0.00016735146    5.81213e-05    0.00014904413    4.82336e-05    0.00019194127    7.12028e-05       -10.94%     14.69%
         470         475       5.5925169e-05    8.43446e-05    5.2753820e-05    7.81487e-05    6.0288645e-05    9.13976e-05        -5.67%      7.80%
         475         480       0.00027489118    0.000113946    0.00023966313    9.80214e-05    0.00032085540    0.000134410       -12.82%     16.72%
         480         485       3.6139575e-05    9.97334e-05    3.2427725e-05    8.48245e-05    4.1964924e-05    0.000119373       -10.27%     16.12%
         485         490       0.00013055754    7.69308e-05    0.00011292061    6.46513e-05    0.00015408494    9.29895e-05       -13.51%     18.02%
         490         495       8.6231566e-05    2.32467e-05    7.9271287e-05    1.93556e-05    9.6249166e-05    2.90430e-05        -8.07%     11.62%
         495         500       0.00022063869    5.79692e-05    0.00018703585    4.71286e-05    0.00026588420    7.29912e-05       -15.23%     20.51%
         500         505       9.9642999e-05    3.41533e-05    8.8004277e-05    2.76998e-05    0.00011600874    4.30451e-05       -11.68%     16.42%
         505         510       4.7982144e-06    8.84047e-05   -1.7501004e-06    9.86178e-05    1.0077199e-05    8.01855e-05      -136.47%    110.02%
         510         515       0.00023216053    7.72054e-05    0.00019618520    6.36428e-05    0.00028009694    9.53193e-05       -15.50%     20.65%
         515         520       0.00015423093    6.16982e-05    0.00013095077    5.19265e-05    0.00018474081    7.45088e-05       -15.09%     19.78%
         520         525       3.1520373e-05    6.66727e-05    2.8327799e-05    7.97452e-05    3.4233130e-05    5.66696e-05       -10.13%      8.61%
         525         530       9.8007748e-05    5.27916e-05    8.7185754e-05    4.34841e-05    0.00011119142    6.56553e-05       -11.04%     13.45%
         530         535       7.2398872e-05    1.80577e-05    6.4595774e-05    1.48923e-05    8.2608547e-05    2.24578e-05       -10.78%     14.10%
         535         540       0.00015573756    4.38143e-05    0.00013122130    3.61298e-05    0.00018888034    5.41994e-05       -15.74%     21.28%
         540         545       7.4203010e-05    5.59396e-05    6.5029904e-05    4.62161e-05    8.6051781e-05    6.88884e-05       -12.36%     15.97%
         545         550       0.00013827833    6.41881e-05    0.00011911643    5.50007e-05    0.00016368700    7.60174e-05       -13.86%     18.38%
         550         555       6.2412660e-05    6.00656e-05    5.2163744e-05    4.98493e-05    7.6914453e-05    7.39288e-05       -16.42%     23.24%
         555         560       9.4411678e-05    7.35721e-05    8.1638330e-05    5.95461e-05    0.00011131684    9.33806e-05       -13.53%     17.91%
         560         565       7.5402967e-05    4.84300e-05    6.2506548e-05    3.79573e-05    9.3617874e-05    6.34174e-05       -17.10%     24.16%
         565         570       0.00010239591    0.000107204    9.1841748e-05    8.79410e-05    0.00011569989    0.000133397       -10.31%     12.99%
         570         575       0.00015756065    7.26664e-05    0.00013163654    5.95957e-05    0.00019244958    9.02194e-05       -16.45%     22.14%
         575         580       7.7833115e-05    3.67429e-05    6.7217627e-05    2.98675e-05    9.1884341e-05    4.61870e-05       -13.64%     18.05%
         580         585       2.6593261e-07    5.77207e-05   -4.1655723e-06    6.96680e-05    3.3656591e-06    4.85944e-05     -1666.40%   1165.61%
         585         590       6.8402703e-05    4.29204e-05    5.8025129e-05    3.56138e-05    8.2320050e-05    5.26614e-05       -15.17%     20.35%
         590         595       2.4355348e-05    1.90261e-05    2.1190903e-05    1.55523e-05    2.8677918e-05    2.38465e-05       -12.99%     17.75%
         595         600       4.0596557e-05    1.09279e-05    3.4411230e-05    8.99742e-06    4.8997063e-05    1.36406e-05       -15.24%     20.69%
         600         605       2.9106419e-05    1.21670e-05    2.4697681e-05    9.81177e-06    3.5366899e-05    1.55565e-05       -15.15%     21.51%
         605         610       4.3106982e-05    1.39944e-05    3.6912568e-05    1.15423e-05    5.1350252e-05    1.74117e-05       -14.37%     19.12%
         610         615       1.2125974e-05    1.05613e-05    1.1431907e-05    8.44166e-06    1.2753475e-05    1.36531e-05        -5.72%      5.17%
         615         620       0.00012916069    8.72289e-05    0.00010654401    7.07822e-05    0.00015977322    0.000109485       -17.51%     23.70%
         620         625       4.9791253e-05    1.90755e-05    4.2921423e-05    1.58601e-05    5.8921686e-05    2.34433e-05       -13.80%     18.34%
         625         630       9.4371561e-06    2.82331e-05    8.0595324e-06    2.22773e-05    1.1589262e-05    3.66115e-05       -14.60%     22.80%
         630         635       4.1619769e-05    2.17906e-05    3.6697678e-05    1.79202e-05    4.7946192e-05    2.70925e-05       -11.83%     15.20%
         635         640       1.4879671e-05    4.56020e-05    1.3488796e-05    3.69864e-05    1.7173924e-05    5.74188e-05        -9.35%     15.42%
         640         645       4.7910244e-05    4.85031e-05    4.0437906e-05    3.95534e-05    5.8565186e-05    6.06948e-05       -15.60%     22.24%
         645         650       2.3454185e-06    1.74369e-05    8.4385400e-07    2.28957e-05    3.2114644e-06    1.36545e-05       -64.02%     36.93%
         650         655       1.1420902e-05    5.51788e-06    1.1040276e-05    4.46471e-06    1.1887478e-05    7.06990e-06        -3.33%      4.09%
         655         660       6.3751474e-05    5.30125e-05    5.1660451e-05    4.18126e-05    8.0795651e-05    6.87868e-05       -18.97%     26.74%
         660         665       1.0998018e-05    7.92301e-06    9.8298835e-06    6.45190e-06    1.2430432e-05    9.94965e-06       -10.62%     13.02%
         665         670       2.2503107e-05    1.12121e-05    1.9924572e-05    9.36027e-06    2.5748137e-05    1.36746e-05       -11.46%     14.42%
         670         675       1.5425082e-05    4.20263e-06    1.2891633e-05    3.38200e-06    1.8959724e-05    5.35947e-06       -16.42%     22.91%
         675         680       3.9850676e-05    1.75823e-05    3.4051133e-05    1.48040e-05    4.7542367e-05    2.12349e-05       -14.55%     19.30%
         680         685       4.4664765e-05    1.78532e-05    3.6790084e-05    1.44450e-05    5.5458123e-05    2.25992e-05       -17.63%     24.17%
         685         690       1.3486359e-05    1.20155e-05    1.1823952e-05    1.00918e-05    1.5649601e-05    1.45770e-05       -12.33%     16.04%
         690         695       3.5430634e-05    1.67189e-05    3.2537087e-05    1.46371e-05    3.9123150e-05    1.96164e-05        -8.17%     10.42%
         695         700       1.2921893e-05    1.62161e-05    1.1762070e-05    1.27370e-05    1.4751243e-05    2.12769e-05        -8.98%     14.16%
         700         705       2.8933002e-06    8.77200e-06    2.0734669e-06    1.07818e-05    3.5120687e-06    8.08707e-06       -28.34%     21.39%
         705         710       5.4884452e-06    1.50896e-05    5.2591265e-06    1.19711e-05    5.7695940e-06    1.94898e-05        -4.18%      5.12%
         710         715       4.9040642e-06    2.36926e-05    3.7994596e-06    2.09802e-05    6.6733785e-06    3.02295e-05       -22.52%     36.08%
         715         720       7.2823059e-05    4.49657e-05    5.9882279e-05    3.60885e-05    9.0534579e-05    5.73089e-05       -17.77%     24.32%
         720         725       6.0747690e-06    5.81705e-06    5.5693629e-06    5.14068e-06    6.7623309e-06    6.65419e-06        -8.32%     11.32%
         725         730       9.4568398e-06    5.66456e-06    8.5767746e-06    4.58139e-06    1.0618943e-05    7.16652e-06        -9.31%     12.29%
         730         735       4.8029587e-05    2.63706e-05    4.1510935e-05    2.25081e-05    5.6537310e-05    3.14451e-05       -13.57%     17.71%
         735         740      -0.00027674625    0.000305540   -0.00033994314    0.000375889   -0.00022919796    0.000252790        22.84%    -17.18%
         740         745       0.00029689232    0.000305388    0.00024597548    0.000252662    0.00036479445    0.000375709       -17.15%     22.87%
         745         750       2.5139869e-05    1.33993e-05    2.0178952e-05    1.05926e-05    3.2131932e-05    1.73604e-05       -19.73%     27.81%
         750         755       4.0705581e-05    2.06075e-05    3.2818425e-05    1.59302e-05    5.1914926e-05    2.73901e-05       -19.38%     27.54%
         755         760       3.1121701e-05    1.36776e-05    2.6915168e-05    1.15944e-05    3.6637402e-05    1.64619e-05       -13.52%     17.72%
         760         765       1.3780241e-05    6.54170e-06    1.2209180e-05    5.63414e-06    1.5773991e-05    7.76564e-06       -11.40%     14.47%
         765         770       2.7257972e-06    1.25559e-05    1.5393507e-06    1.10704e-05    4.5652348e-06    1.61615e-05       -43.53%     67.48%
         770         775       2.4072839e-06    4.73356e-06    1.2635123e-06    6.10064e-06    2.9991587e-06    3.80822e-06       -47.51%     24.59%
         775         780       3.9058487e-05    1.89779e-05    3.2385984e-05    1.56922e-05    4.8038084e-05    2.33708e-05       -17.08%     22.99%
         780         785       4.3872396e-06    1.16354e-05    3.4244271e-06    9.45113e-06    5.7971494e-06    1.46265e-05       -21.95%     32.14%
         785         790       9.2416794e-06    1.29565e-05    7.8709124e-06    1.05850e-05    1.1041774e-05    1.61944e-05       -14.83%     19.48%
         790         795       2.7430572e-05    1.43294e-05    2.2456361e-05    1.16548e-05    3.4260481e-05    1.79877e-05       -18.13%     24.90%
         795         800       4.2837636e-06    1.44703e-06    3.6379586e-06    1.20348e-06    5.1601090e-06    1.79477e-06       -15.08%     20.46%
         800         805       2.4302160e-05    2.09443e-05    2.2444926e-05    1.94623e-05    2.6458529e-05    2.26319e-05        -7.64%      8.87%
         805         810      -2.7513669e-06    3.28519e-06   -5.0339263e-06    4.87828e-06   -1.0866325e-06    2.12485e-06        82.96%    -60.51%
         810         815      -8.2603498e-09    8.38386e-06   -2.8778345e-07    1.09890e-05    2.5833057e-07    6.55371e-06      3383.91%  -3227.36%
         815         820       2.5915348e-06    1.55279e-06    3.0655244e-07    2.92451e-06    4.8215297e-06    3.09953e-06       -88.17%     86.05%
         820         825       8.5794158e-06    4.43885e-06    7.0355966e-06    3.52657e-06    1.0750304e-05    5.73841e-06       -17.99%     25.30%
         825         830       9.8884683e-06    1.81062e-05    7.8873126e-06    1.47654e-05    1.2886133e-05    2.26388e-05       -20.24%     30.31%
         830         835       1.3224451e-06    3.31108e-06    7.5604503e-07    4.49967e-06    1.7946202e-06    2.77787e-06       -42.83%     35.70%
         835         840       2.0871421e-05    1.42590e-05    1.6998587e-05    1.17387e-05    2.6184103e-05    1.76268e-05       -18.56%     25.45%
         840         845       2.6144636e-06    2.12233e-06    2.2712150e-06    1.67717e-06    3.0736340e-06    2.75978e-06       -13.13%     17.56%
         845         850       1.2319429e-06    2.92299e-06    8.4934851e-07    4.22587e-06    1.6150707e-06    2.33087e-06       -31.06%     31.10%
         850         855      -8.9566299e-07    5.34715e-06   -4.4258860e-06    9.36558e-06    1.6015969e-06    2.58709e-06       394.15%   -278.82%
         855         860       3.6330771e-06    3.23331e-06    3.0209592e-06    2.51651e-06    4.5073766e-06    4.28618e-06       -16.85%     24.06%
         860         865       3.2007785e-05    2.93991e-05    2.5406578e-05    2.31895e-05    4.1270689e-05    3.81358e-05       -20.62%     28.94%
         865         870      -3.6449464e-05    3.11842e-05   -4.6838689e-05    4.02865e-05   -2.8988269e-05    2.46955e-05        28.50%    -20.47%
         870         875      -2.2474303e-06    1.74642e-05   -6.7975223e-06    2.49910e-05    8.8688940e-07    1.35488e-05       202.46%   -139.46%
         875         880      -6.4854721e-06    1.31177e-05   -1.1739883e-05    1.99745e-05   -2.7489001e-06    8.28908e-06        81.02%    -57.61%
         880         885       4.9483186e-06    1.92972e-06    4.2118083e-06    1.60784e-06    5.9394828e-06    2.38097e-06       -14.88%     20.03%
         885         890       4.0542160e-06    1.81744e-06    3.5721506e-06    1.60969e-06    4.7020200e-06    2.09578e-06       -11.89%     15.98%
         890         895       8.2148377e-06    3.53945e-06    7.2337586e-06    3.10845e-06    9.4185043e-06    4.08066e-06       -11.94%     14.65%
         895         900       6.9050666e-06    4.11761e-06    5.7689033e-06    3.34608e-06    8.4693757e-06    5.23129e-06       -16.45%     22.65%
         900         905       3.1507601e-06    1.08681e-06    2.5243699e-06    8.65889e-07    4.0417919e-06    1.41919e-06       -19.88%     28.28%
         905         910      -2.7192519e-07    1.57060e-06   -1.1734005e-06    2.30889e-06    2.1404041e-07    1.15578e-06       331.52%   -178.71%
         910         915       3.2673683e-06    1.60594e-06    2.5859553e-06    1.24329e-06    4.2838844e-06    2.17919e-06       -20.86%     31.11%
         915         920       3.5641543e-06    1.84967e-06    3.2291120e-06    1.66402e-06    3.9703460e-06    2.07867e-06        -9.40%     11.40%
         920         925       3.0846928e-06    7.21463e-06    2.2809926e-06    5.42710e-06    4.3676958e-06    9.89130e-06       -26.05%     41.59%
         925         930       1.8527729e-06    1.11734e-06    1.5810888e-06    8.41869e-07    2.2492630e-06    1.54838e-06       -14.66%     21.40%
         930         935       4.3926234e-06    2.62071e-06    3.6286097e-06    2.14925e-06    5.4323719e-06    3.27746e-06       -17.39%     23.67%
         935         940       1.2832257e-06    5.80796e-07    1.0196368e-06    4.56946e-07    1.6703331e-06    7.74704e-07       -20.54%     30.17%
         940         945       2.4343932e-06    1.73951e-06    2.1786272e-06    1.54376e-06    2.7414870e-06    1.98003e-06       -10.51%     12.61%
         945         950       6.4389660e-06    3.24421e-06    5.4840565e-06    2.77904e-06    7.6840577e-06    3.85686e-06       -14.83%     19.34%
         950         955       5.0746926e-06    3.18383e-06    4.4925935e-06    2.79389e-06    5.7894114e-06    3.68092e-06       -11.47%     14.08%
         955         960       5.1191015e-06    2.80693e-06    4.4879860e-06    2.50107e-06    5.9306521e-06    3.18977e-06       -12.33%     15.85%
         960         965       2.7138866e-06    1.25217e-06    2.4323838e-06    1.09952e-06    3.0642154e-06    1.44614e-06       -10.37%     12.91%
         965         970      -3.3520745e-05    3.50766e-05   -4.2322573e-05    4.39652e-05   -2.7091227e-05    2.85408e-05        26.26%    -19.18%
         970         975       5.1277025e-05    3.76851e-05    4.1148291e-05    3.04544e-05    6.5342822e-05    4.76392e-05       -19.75%     27.43%
         975         980       1.7124268e-06    1.16636e-06    1.5193280e-06    1.05930e-06    1.9569290e-06    1.29630e-06       -11.28%     14.28%
         980         985       1.4246216e-06    6.45871e-07    1.1560687e-06    5.06146e-07    1.7852096e-06    8.47247e-07       -18.85%     25.31%
         985         990       8.4011728e-07    6.56586e-07    8.0109789e-07    6.84912e-07    8.7702398e-07    8.09519e-07        -4.64%      4.39%
         990         995       1.5337275e-05    1.46778e-05    1.3896216e-05    1.33413e-05    1.7052705e-05    1.62550e-05        -9.40%     11.18%
         995        1000       3.6917174e-07    6.02315e-07    1.9022390e-07    8.14215e-07    4.9576094e-07    4.72946e-07       -48.47%     34.29%
