#  left-edge  right-edge       scale-central  central-error        scale-min      min-error        scale-max      max-error      rel-down     rel-up
           0           5                   0              0                0              0                0              0            0%         0%
           5          10                   0              0                0              0                0              0            0%         0%
          10          15                   0              0                0              0                0              0            0%         0%
          15          20                   0              0                0              0                0              0            0%         0%
          20          25                   0              0                0              0                0              0            0%         0%
          25          30                   0              0                0              0                0              0            0%         0%
          30          35                   0              0                0              0                0              0            0%         0%
          35          40                   0              0                0              0                0              0            0%         0%
          40          45                   0              0                0              0                0              0            0%         0%
          45          50                   0              0                0              0                0              0            0%         0%
          50          55                   0              0                0              0                0              0            0%         0%
          55          60                   0              0                0              0                0              0            0%         0%
          60          65                   0              0                0              0                0              0            0%         0%
          65          70         0.021222155    0.000625247      0.019686743    0.000587509      0.022506881    0.000656697        -7.23%      6.05%
          70          75         0.036412454    0.000801555      0.033749462    0.000752401      0.038639593    0.000842059        -7.31%      6.12%
          75          80         0.059295328     0.00107026      0.054995342     0.00100852      0.062889079     0.00112079        -7.25%      6.06%
          80          85          0.12929993     0.00180380       0.12013843     0.00170355       0.13691850     0.00188509        -7.09%      5.89%
          85          90          0.66880931     0.00486489       0.62238189     0.00458281       0.70733582     0.00509427        -6.94%      5.76%
          90          95           1.8565879     0.00787749        1.7292778     0.00742723        1.9620698     0.00824368        -6.86%      5.68%
          95         100          0.17441552     0.00264576       0.16286125     0.00250710       0.18392985     0.00275658        -6.62%      5.45%
         100         105         0.054695677     0.00113750      0.051248642     0.00109381      0.057515370     0.00117247        -6.30%      5.16%
         105         110         0.027407146    0.000676828      0.025723123    0.000649487      0.028777862    0.000698055        -6.14%      5.00%
         110         115         0.017161435    0.000447226      0.016141381    0.000427097      0.017985944    0.000462931        -5.94%      4.80%
         115         120        0.0023981644    0.000238980     0.0022610275    0.000233609     0.0025083904    0.000242534        -5.72%      4.60%
         120         125                   0              0                0              0                0              0            0%         0%
         125         130                   0              0                0              0                0              0            0%         0%
         130         135                   0              0                0              0                0              0            0%         0%
         135         140                   0              0                0              0                0              0            0%         0%
         140         145                   0              0                0              0                0              0            0%         0%
         145         150                   0              0                0              0                0              0            0%         0%
         150         155                   0              0                0              0                0              0            0%         0%
         155         160                   0              0                0              0                0              0            0%         0%
         160         165                   0              0                0              0                0              0            0%         0%
         165         170                   0              0                0              0                0              0            0%         0%
         170         175                   0              0                0              0                0              0            0%         0%
         175         180                   0              0                0              0                0              0            0%         0%
         180         185                   0              0                0              0                0              0            0%         0%
         185         190                   0              0                0              0                0              0            0%         0%
         190         195                   0              0                0              0                0              0            0%         0%
         195         200                   0              0                0              0                0              0            0%         0%
         200         205                   0              0                0              0                0              0            0%         0%
         205         210                   0              0                0              0                0              0            0%         0%
         210         215                   0              0                0              0                0              0            0%         0%
         215         220                   0              0                0              0                0              0            0%         0%
         220         225                   0              0                0              0                0              0            0%         0%
         225         230                   0              0                0              0                0              0            0%         0%
         230         235                   0              0                0              0                0              0            0%         0%
         235         240                   0              0                0              0                0              0            0%         0%
         240         245                   0              0                0              0                0              0            0%         0%
         245         250                   0              0                0              0                0              0            0%         0%
         250         255                   0              0                0              0                0              0            0%         0%
         255         260                   0              0                0              0                0              0            0%         0%
         260         265                   0              0                0              0                0              0            0%         0%
         265         270                   0              0                0              0                0              0            0%         0%
         270         275                   0              0                0              0                0              0            0%         0%
         275         280                   0              0                0              0                0              0            0%         0%
         280         285                   0              0                0              0                0              0            0%         0%
         285         290                   0              0                0              0                0              0            0%         0%
         290         295                   0              0                0              0                0              0            0%         0%
         295         300                   0              0                0              0                0              0            0%         0%
         300         305                   0              0                0              0                0              0            0%         0%
         305         310                   0              0                0              0                0              0            0%         0%
         310         315                   0              0                0              0                0              0            0%         0%
         315         320                   0              0                0              0                0              0            0%         0%
         320         325                   0              0                0              0                0              0            0%         0%
         325         330                   0              0                0              0                0              0            0%         0%
         330         335                   0              0                0              0                0              0            0%         0%
         335         340                   0              0                0              0                0              0            0%         0%
         340         345                   0              0                0              0                0              0            0%         0%
         345         350                   0              0                0              0                0              0            0%         0%
         350         355                   0              0                0              0                0              0            0%         0%
         355         360                   0              0                0              0                0              0            0%         0%
         360         365                   0              0                0              0                0              0            0%         0%
         365         370                   0              0                0              0                0              0            0%         0%
         370         375                   0              0                0              0                0              0            0%         0%
         375         380                   0              0                0              0                0              0            0%         0%
         380         385                   0              0                0              0                0              0            0%         0%
         385         390                   0              0                0              0                0              0            0%         0%
         390         395                   0              0                0              0                0              0            0%         0%
         395         400                   0              0                0              0                0              0            0%         0%
         400         405                   0              0                0              0                0              0            0%         0%
         405         410                   0              0                0              0                0              0            0%         0%
         410         415                   0              0                0              0                0              0            0%         0%
         415         420                   0              0                0              0                0              0            0%         0%
         420         425                   0              0                0              0                0              0            0%         0%
         425         430                   0              0                0              0                0              0            0%         0%
         430         435                   0              0                0              0                0              0            0%         0%
         435         440                   0              0                0              0                0              0            0%         0%
         440         445                   0              0                0              0                0              0            0%         0%
         445         450                   0              0                0              0                0              0            0%         0%
         450         455                   0              0                0              0                0              0            0%         0%
         455         460                   0              0                0              0                0              0            0%         0%
         460         465                   0              0                0              0                0              0            0%         0%
         465         470                   0              0                0              0                0              0            0%         0%
         470         475                   0              0                0              0                0              0            0%         0%
         475         480                   0              0                0              0                0              0            0%         0%
         480         485                   0              0                0              0                0              0            0%         0%
         485         490                   0              0                0              0                0              0            0%         0%
         490         495                   0              0                0              0                0              0            0%         0%
         495         500                   0              0                0              0                0              0            0%         0%
         500         505                   0              0                0              0                0              0            0%         0%
         505         510                   0              0                0              0                0              0            0%         0%
         510         515                   0              0                0              0                0              0            0%         0%
         515         520                   0              0                0              0                0              0            0%         0%
         520         525                   0              0                0              0                0              0            0%         0%
         525         530                   0              0                0              0                0              0            0%         0%
         530         535                   0              0                0              0                0              0            0%         0%
         535         540                   0              0                0              0                0              0            0%         0%
         540         545                   0              0                0              0                0              0            0%         0%
         545         550                   0              0                0              0                0              0            0%         0%
         550         555                   0              0                0              0                0              0            0%         0%
         555         560                   0              0                0              0                0              0            0%         0%
         560         565                   0              0                0              0                0              0            0%         0%
         565         570                   0              0                0              0                0              0            0%         0%
         570         575                   0              0                0              0                0              0            0%         0%
         575         580                   0              0                0              0                0              0            0%         0%
         580         585                   0              0                0              0                0              0            0%         0%
         585         590                   0              0                0              0                0              0            0%         0%
         590         595                   0              0                0              0                0              0            0%         0%
         595         600                   0              0                0              0                0              0            0%         0%
         600         605                   0              0                0              0                0              0            0%         0%
         605         610                   0              0                0              0                0              0            0%         0%
         610         615                   0              0                0              0                0              0            0%         0%
         615         620                   0              0                0              0                0              0            0%         0%
         620         625                   0              0                0              0                0              0            0%         0%
         625         630                   0              0                0              0                0              0            0%         0%
         630         635                   0              0                0              0                0              0            0%         0%
         635         640                   0              0                0              0                0              0            0%         0%
         640         645                   0              0                0              0                0              0            0%         0%
         645         650                   0              0                0              0                0              0            0%         0%
         650         655                   0              0                0              0                0              0            0%         0%
         655         660                   0              0                0              0                0              0            0%         0%
         660         665                   0              0                0              0                0              0            0%         0%
         665         670                   0              0                0              0                0              0            0%         0%
         670         675                   0              0                0              0                0              0            0%         0%
         675         680                   0              0                0              0                0              0            0%         0%
         680         685                   0              0                0              0                0              0            0%         0%
         685         690                   0              0                0              0                0              0            0%         0%
         690         695                   0              0                0              0                0              0            0%         0%
         695         700                   0              0                0              0                0              0            0%         0%
         700         705                   0              0                0              0                0              0            0%         0%
         705         710                   0              0                0              0                0              0            0%         0%
         710         715                   0              0                0              0                0              0            0%         0%
         715         720                   0              0                0              0                0              0            0%         0%
         720         725                   0              0                0              0                0              0            0%         0%
         725         730                   0              0                0              0                0              0            0%         0%
         730         735                   0              0                0              0                0              0            0%         0%
         735         740                   0              0                0              0                0              0            0%         0%
         740         745                   0              0                0              0                0              0            0%         0%
         745         750                   0              0                0              0                0              0            0%         0%
         750         755                   0              0                0              0                0              0            0%         0%
         755         760                   0              0                0              0                0              0            0%         0%
         760         765                   0              0                0              0                0              0            0%         0%
         765         770                   0              0                0              0                0              0            0%         0%
         770         775                   0              0                0              0                0              0            0%         0%
         775         780                   0              0                0              0                0              0            0%         0%
         780         785                   0              0                0              0                0              0            0%         0%
         785         790                   0              0                0              0                0              0            0%         0%
         790         795                   0              0                0              0                0              0            0%         0%
         795         800                   0              0                0              0                0              0            0%         0%
         800         805                   0              0                0              0                0              0            0%         0%
         805         810                   0              0                0              0                0              0            0%         0%
         810         815                   0              0                0              0                0              0            0%         0%
         815         820                   0              0                0              0                0              0            0%         0%
         820         825                   0              0                0              0                0              0            0%         0%
         825         830                   0              0                0              0                0              0            0%         0%
         830         835                   0              0                0              0                0              0            0%         0%
         835         840                   0              0                0              0                0              0            0%         0%
         840         845                   0              0                0              0                0              0            0%         0%
         845         850                   0              0                0              0                0              0            0%         0%
         850         855                   0              0                0              0                0              0            0%         0%
         855         860                   0              0                0              0                0              0            0%         0%
         860         865                   0              0                0              0                0              0            0%         0%
         865         870                   0              0                0              0                0              0            0%         0%
         870         875                   0              0                0              0                0              0            0%         0%
         875         880                   0              0                0              0                0              0            0%         0%
         880         885                   0              0                0              0                0              0            0%         0%
         885         890                   0              0                0              0                0              0            0%         0%
         890         895                   0              0                0              0                0              0            0%         0%
         895         900                   0              0                0              0                0              0            0%         0%
         900         905                   0              0                0              0                0              0            0%         0%
         905         910                   0              0                0              0                0              0            0%         0%
         910         915                   0              0                0              0                0              0            0%         0%
         915         920                   0              0                0              0                0              0            0%         0%
         920         925                   0              0                0              0                0              0            0%         0%
         925         930                   0              0                0              0                0              0            0%         0%
         930         935                   0              0                0              0                0              0            0%         0%
         935         940                   0              0                0              0                0              0            0%         0%
         940         945                   0              0                0              0                0              0            0%         0%
         945         950                   0              0                0              0                0              0            0%         0%
         950         955                   0              0                0              0                0              0            0%         0%
         955         960                   0              0                0              0                0              0            0%         0%
         960         965                   0              0                0              0                0              0            0%         0%
         965         970                   0              0                0              0                0              0            0%         0%
         970         975                   0              0                0              0                0              0            0%         0%
         975         980                   0              0                0              0                0              0            0%         0%
         980         985                   0              0                0              0                0              0            0%         0%
         985         990                   0              0                0              0                0              0            0%         0%
         990         995                   0              0                0              0                0              0            0%         0%
         995        1000                   0              0                0              0                0              0            0%         0%
