#  left-edge  right-edge       scale-central  central-error        scale-min      min-error        scale-max      max-error      rel-down     rel-up
           0         0.1          0.38847637      0.0990599       0.35022967      0.0896942       0.43403358       0.110685        -9.85%     11.73%
         0.1         0.2           2.1969525       0.513378        1.9940114       0.465083        2.4486906       0.573320        -9.24%     11.46%
         0.2         0.3           3.1751161       0.136331        2.9017937       0.126498        3.5141588       0.148825        -8.61%     10.68%
         0.3         0.4           3.8922894       0.160723        3.5513866       0.147490        4.3151622       0.177353        -8.76%     10.86%
         0.4         0.5           5.0103690       0.475593        4.6055037       0.469241        5.5125840       0.484212        -8.08%     10.02%
         0.5         0.6           6.4348846       0.807843        5.8455529       0.718325        7.0168356       0.815025        -9.16%      9.04%
         0.6         0.7           5.7308111       0.277990        5.2038812       0.252072        6.3142658       0.303033        -9.19%     10.18%
         0.7         0.8           6.5623113       0.434416        5.9532154       0.393445        7.2180397       0.448712        -9.28%      9.99%
         0.8         0.9           7.1849872       0.338991        6.4627109       0.302821        7.9212892       0.362125       -10.05%     10.25%
         0.9           1           6.7871103       0.404345        6.1128458       0.362897        7.5090335       0.428255        -9.93%     10.64%
           1         1.1           8.7230486       0.910905        7.8659667       0.815451        9.5752623        1.01343        -9.83%      9.77%
         1.1         1.2           10.113201       0.858676        9.0259908       0.733373        11.097610       0.984986       -10.75%      9.73%
         1.2         1.3           10.213225       0.751080        9.2589100       0.638851        11.135100       0.824415        -9.34%      9.03%
         1.3         1.4           11.421865        1.63784        10.188045        1.46758        12.550148        1.80134       -10.80%      9.88%
         1.4         1.5           11.198240        1.61380        10.319624        1.47355        12.288118        1.78920        -7.85%      9.73%
         1.5         1.6           12.914773       0.940118        11.901882       0.804961        13.958903        1.03198        -7.84%      8.08%
         1.6         1.7           16.229666        1.40566        14.759245        1.25019        17.543757        1.55348        -9.06%      8.10%
         1.7         1.8           15.598293        1.24939        14.607767        1.07520        16.700701        1.37623        -6.35%      7.07%
         1.8         1.9           18.391508        1.82207        17.173491        1.54091        19.670762        2.00853        -6.62%      6.96%
         1.9           2           23.327486        2.34287        21.565383        2.01610        24.834734        2.58865        -7.55%      6.46%
           2         2.1           20.043370        2.68040        19.131109        2.30919        21.136786        2.93090        -4.55%      5.46%
         2.1         2.2           26.957155        3.15719        25.226703        2.74743        28.396654        3.50715        -6.42%      5.34%
         2.2         2.3           30.731319        3.54898        29.486334        3.04338        31.924199        3.91663        -4.05%      3.88%
         2.3         2.4           31.582748        4.55513        30.038723        4.04266        32.596456        5.05019        -4.89%      3.21%
         2.4         2.5           47.076662        4.68741        44.537768        4.12983        49.397242        5.20539        -5.39%      4.93%
         2.5         2.6           54.484971        4.97897        51.741810        4.27363        56.578445        5.52674        -5.03%      3.84%
         2.6         2.7           50.649310        5.27176        49.282182        4.52060        51.458928        5.86013        -2.70%      1.60%
         2.7         2.8           76.116128        5.57409        72.742620        4.84498        78.558456        6.17107        -4.43%      3.21%
         2.8         2.9           89.233827        6.36810        85.980611        5.54676        90.973683        7.06238        -3.65%      1.95%
         2.9           3           105.08881        11.2471        102.14008        9.83514        106.41291        11.4032        -2.81%      1.26%
           3         3.1           157.17948        12.0839        150.36308        10.5885        161.14733        13.4836        -4.34%      2.52%
         3.1         3.2           132.46232        8.15692        128.88549        8.00596        136.39256        8.25310        -2.70%      2.97%
         3.2         3.3           79.276777        6.80702        76.805498        6.72455        81.947014        6.83867        -3.12%      3.37%
         3.3         3.4           54.555262        7.05950        53.217602        8.10905        55.578786        6.41993        -2.45%      1.88%
         3.4         3.5           54.245951        6.65928        51.692395        5.62853        55.978492        7.01480        -4.71%      3.19%
         3.5         3.6           33.885381        4.97810        32.979572        5.51533        34.711522        4.99167        -2.67%      2.44%
         3.6         3.7           21.246521        4.87795        19.782657        5.42092        22.426628        4.44271        -6.89%      5.55%
         3.7         3.8           31.168971        5.04043        30.050262        4.42930        31.783760        5.63122        -3.59%      1.97%
         3.8         3.9           27.515350        4.93011        25.823428        4.36599        28.774798        5.44797        -6.15%      4.58%
         3.9           4           16.045972        4.84537        15.397502        4.74132        16.777470        4.89751        -4.04%      4.56%
           4         4.1           7.9547009        3.83928        6.9672289        4.27290        8.7507607        3.49115       -12.41%     10.01%
         4.1         4.2           13.400499        3.04703        12.785148        2.68279        13.769037        3.38620        -4.59%      2.75%
         4.2         4.3           2.5295982        2.95954        1.6162830        3.29275        3.2658758        2.69212       -36.11%     29.11%
         4.3         4.4           13.401584        3.55052        12.877172        3.19536        13.872376        3.95530        -3.91%      3.51%
         4.4         4.5           7.7662695        2.84172        7.2446510        2.52147        8.2659070        2.84586        -6.72%      6.43%
         4.5         4.6           5.4095638        2.24053        5.2992494        2.48381        5.4881772        2.03767        -2.04%      1.45%
         4.6         4.7           2.0723012        1.45945        1.6606253        1.61824        2.4041776        1.33247       -19.87%     16.01%
         4.7         4.8           7.2930107        1.82356        6.7264185        1.59983        7.7655945        2.03393        -7.77%      6.48%
         4.8         4.9           2.3376434        1.88105        2.1376743        2.09273        2.4988504        1.71117        -8.55%      6.90%
         4.9           5           1.2466615        1.48860        1.0523974        1.65160        1.4032693        1.35816       -15.58%     12.56%
           5         5.1           3.0968989        2.22709        2.8443573        2.19763        3.3837182        2.29824        -8.15%      9.26%
         5.1         5.2           2.1614181        2.11285        2.1252473        2.32333        2.1841159        1.91571        -1.67%      1.05%
         5.2         5.3           1.1006655        1.03065       0.99868692        1.00973        1.1962560        1.04197        -9.27%      8.68%
         5.3         5.4          0.73420083        1.30238       0.70990322        1.45180       0.75378857        1.18222        -3.31%      2.67%
         5.4         5.5          0.25296629        1.46868       0.12843650        1.62968       0.36117590        1.29806       -49.23%     42.78%
         5.5         5.6          0.23755051       0.979882       0.17643663        1.09150       0.28681804       0.890190       -25.73%     20.74%
         5.6         5.7         -0.45062552       0.768728      -0.57765546       0.854247      -0.34821915       0.700179        28.19%    -22.73%
         5.7         5.8         -0.15891869       0.383575      -0.27224910       0.422357     -0.046825698       0.344481        71.31%    -70.53%
         5.8         5.9          0.12525052       0.628556      0.035139552       0.718422       0.18649658       0.559374       -71.94%     48.90%
         5.9           6          0.50401834       0.563551       0.49755408       0.622351       0.51229413       0.556286        -1.28%      1.64%
           6         6.1          0.19289620       0.386990       0.16851819       0.424330       0.21326981       0.395530       -12.64%     10.56%
         6.1         6.2          0.34289365       0.235958       0.27455011       0.226182       0.42619825       0.261108       -19.93%     24.29%
         6.2         6.3          0.11722603       0.265319      0.094340707       0.283060       0.13567524       0.251667       -19.52%     15.74%
         6.3         6.4          0.86640348       0.397487       0.80266069       0.358186       0.91860013       0.437043        -7.36%      6.02%
         6.4         6.5          0.35955813       0.256096       0.30903631       0.246940       0.40607754       0.262545       -14.05%     12.94%
         6.5         6.6          0.18923689       0.161665       0.17806618       0.165580       0.20649218       0.156851        -5.90%      9.12%
         6.6         6.7          0.61242171       0.353073       0.56738226       0.327898       0.65061875       0.373917        -7.35%      6.24%
         6.7         6.8        -0.056370406      0.0944448     -0.072802100       0.102351     -0.038534206      0.0854500        29.15%    -31.64%
         6.8         6.9          0.11224641      0.0819227       0.10193724      0.0736197       0.12014362      0.0892363        -9.18%      7.04%
         6.9           7          0.19490534      0.0935723       0.18661331      0.0880032       0.20442607       0.100677        -4.25%      4.88%
           7         7.1         0.036558709      0.0667324      0.027184151      0.0688644      0.045065327      0.0644671       -25.64%     23.27%
         7.1         7.2         -0.28209645       0.265530      -0.31959289       0.296481      -0.25186835       0.240597        13.29%    -10.72%
         7.2         7.3         0.014675063      0.0281317      0.013993180      0.0275912      0.015950627      0.0287878        -4.65%      8.69%
         7.3         7.4         0.037979533      0.0307999      0.033771753      0.0283386      0.042205442      0.0333602       -11.08%     11.13%
         7.4         7.5         0.073451717      0.0684097      0.071581591      0.0631285      0.075408430      0.0727981        -2.55%      2.66%
         7.5         7.6        -0.013320940      0.0369793     -0.014695544      0.0356767     -0.012311046      0.0381451        10.32%     -7.58%
         7.6         7.7        -0.066546183      0.0654846     -0.072060895      0.0670003     -0.062713818      0.0647791         8.29%     -5.76%
         7.7         7.8        -0.047488185      0.0694332     -0.058254090      0.0714633     -0.035886439      0.0674154        22.67%    -24.43%
         7.8         7.9          0.14171311       0.117065       0.12828232       0.106004       0.15837333       0.130786        -9.48%     11.76%
         7.9           8         -0.13764452       0.116881      -0.16671039       0.132204      -0.11554181       0.106398        21.12%    -16.06%
           8         8.1       -0.0079358607      0.0104427    -0.0088844983      0.0116664    -0.0071711078     0.00945628        11.95%     -9.64%
         8.1         8.2         0.062702523      0.0541446      0.058337870      0.0514043      0.067779108      0.0571994        -6.96%      8.10%
         8.2         8.3        -0.033237963      0.0226195     -0.036776530      0.0252498     -0.030385314      0.0205012        10.65%     -8.58%
         8.3         8.4       -0.0042197542     0.00481700    -0.0045535324     0.00503294    -0.0039436785     0.00462686         7.91%     -6.54%
         8.4         8.5         0.071334297      0.0325436      0.066991915      0.0299788      0.076720803      0.0357789        -6.09%      7.55%
         8.5         8.6        -0.014720211      0.0159857     -0.016453284      0.0178616     -0.013245369      0.0145465        11.77%    -10.02%
         8.6         8.7         0.017470083      0.0279371      0.015389718      0.0257843      0.019330829      0.0297773       -11.91%     10.65%
         8.7         8.8        0.0018590402     0.00757944     0.0016693654     0.00730636     0.0020771978     0.00846888       -10.20%     11.73%
         8.8         8.9       -0.0039213706     0.00503319    -0.0043121898     0.00561611    -0.0036063080     0.00456394         9.97%     -8.03%
         8.9           9      -0.00019816366     0.00410875   -0.00026552186     0.00444212   -0.00014965416     0.00372251        33.99%    -24.48%
           9         9.1        -0.018790711      0.0183785     -0.021369581      0.0208816     -0.016621938      0.0162751        13.72%    -11.54%
         9.1         9.2       0.00072359586     0.00200367    0.00060302432     0.00199814    0.00086994850     0.00220636       -16.66%     20.23%
         9.2         9.3         0.017516300      0.0166512      0.015492534      0.0147418      0.019930463      0.0189240       -11.55%     13.78%
         9.3         9.4        0.0018086776     0.00135203     0.0016563087     0.00122701     0.0019976837     0.00150746        -8.42%     10.45%
         9.4         9.5       0.00056498149    0.000521859    0.00050052797    0.000469162    0.00064406145    0.000586738       -11.41%     14.00%
         9.5         9.6       -0.0014214757     0.00183727    -0.0016434637     0.00205307    -0.0012422656     0.00165408        15.62%    -12.61%
         9.6         9.7       -0.0013230590     0.00130604    -0.0014782046     0.00145930    -0.0011979869     0.00118248        11.73%     -9.45%
         9.7         9.8       0.00044953165    0.000331730    0.00041445028    0.000299883    0.00049209273    0.000372584        -7.80%      9.47%
         9.8         9.9      -3.9975730e-06    3.19686e-06   -5.0685522e-06    3.93393e-06   -3.2097186e-06    2.64961e-06        26.79%    -19.71%
         9.9          10      -0.00046599157    0.000474566   -0.00056693537    0.000577055   -0.00038858278    0.000395941        21.66%    -16.61%
