#  left-edge  right-edge       scale-central  central-error        scale-min      min-error        scale-max      max-error      rel-down     rel-up
           0           5           1.9567862      0.0762290        1.9023430      0.0934466        1.9977198      0.0739465        -2.78%      2.09%
           5          10           3.1110889      0.0819600        2.9322778      0.0697376        3.2123129      0.0910980        -5.75%      3.25%
          10          15           2.5488554      0.0758897        2.4090453      0.0675525        2.6361802      0.0844293        -5.49%      3.43%
          15          20           2.7197492       0.105333        2.5734379      0.0944701        2.8177383       0.115067        -5.38%      3.60%
          20          25           2.7613355       0.172340        2.6263919       0.155326        2.8505732       0.187348        -4.89%      3.23%
          25          30           2.5536346       0.167338        2.4609182       0.150338        2.6099436       0.170428        -3.63%      2.21%
          30          35           2.7331574       0.138276        2.6264491       0.123991        2.7954498       0.151184        -3.90%      2.28%
          35          40           2.6120402       0.137265        2.5362259       0.123916        2.6480447       0.148407        -2.90%      1.38%
          40          45           1.9363612      0.0889499        1.8974060      0.0796950        1.9517102      0.0964026        -2.01%      0.79%
          45          50           1.2424267      0.0534866        1.1890265      0.0488484        1.3031078      0.0573622        -4.30%      4.88%
          50          55          0.85801760      0.0340822       0.82149965      0.0321395       0.90331629      0.0365914        -4.26%      5.28%
          55          60          0.64311553      0.0391222       0.61467017      0.0366241       0.67840058      0.0423247        -4.42%      5.49%
          60          65          0.43929119      0.0410305       0.42319323      0.0385030       0.45925989      0.0442785        -3.66%      4.55%
          65          70          0.30533330      0.0342877       0.29113242      0.0324278       0.32294879      0.0366972        -4.65%      5.77%
          70          75          0.24713440      0.0221671       0.23797120      0.0207069       0.25850089      0.0240349        -3.71%      4.60%
          75          80          0.23214599      0.0222057       0.22119544      0.0210005       0.24572960      0.0237670        -4.72%      5.85%
          80          85          0.13202159      0.0217811       0.12799166      0.0202375       0.13702051      0.0237449        -3.05%      3.79%
          85          90          0.14046013      0.0194866       0.13356977      0.0178668       0.14900729      0.0215204        -4.91%      6.09%
          90          95          0.10881047      0.0121903       0.10370535      0.0112770       0.11514311      0.0133471        -4.69%      5.82%
          95         100         0.091333857     0.00901834      0.087490942     0.00841678      0.096100799     0.00978713        -4.21%      5.22%
         100         105         0.098815456      0.0113869      0.094139170      0.0104911       0.10461615      0.0125171        -4.73%      5.87%
         105         110         0.081771961      0.0116705      0.077655504      0.0108678      0.086719080      0.0127730        -5.03%      6.05%
         110         115         0.043022419      0.0126706      0.042131604      0.0119353      0.044127430      0.0136191        -2.07%      2.57%
         115         120         0.048254377      0.0132598      0.045688830      0.0120697      0.051436808      0.0147437        -5.32%      6.60%
         120         125         0.034634460      0.0117863      0.032853965      0.0110400      0.037023168      0.0125963        -5.14%      6.90%
         125         130         0.038132365     0.00667287      0.036002665     0.00611601      0.040774151     0.00737182        -5.59%      6.93%
         130         135         0.030127340     0.00525427      0.028372907     0.00484280      0.032303624     0.00577357        -5.82%      7.22%
         135         140         0.029855546     0.00758595      0.028568691     0.00705864      0.031451825     0.00825780        -4.31%      5.35%
         140         145         0.014036346     0.00689767      0.013191388     0.00653572      0.015084474     0.00736751        -6.02%      7.47%
         145         150         0.019120648     0.00712076      0.017856085     0.00650815      0.020711141     0.00783931        -6.61%      8.32%
         150         155         0.016720792     0.00772274      0.015677962     0.00705762      0.018053714     0.00849997        -6.24%      7.97%
         155         160         0.019670254     0.00438679      0.018659172     0.00412638      0.020923899     0.00475711        -5.14%      6.37%
         160         165         0.014276323     0.00189918      0.013314694     0.00176647      0.015438880     0.00208245        -6.74%      8.14%
         165         170         0.012655635     0.00221991      0.011691460     0.00205696      0.013826376     0.00242069        -7.62%      9.25%
         170         175        0.0094169116     0.00299793     0.0088509655     0.00283990      0.010153748     0.00320015        -6.01%      7.82%
         175         180        0.0081634796     0.00167471     0.0075861371     0.00152703     0.0088904098     0.00186559        -7.07%      8.90%
         180         185        0.0050932027     0.00141337     0.0047413622     0.00131221     0.0055234861     0.00154708        -6.91%      8.45%
         185         190        0.0059386045     0.00257244     0.0054914047     0.00234722     0.0065146192     0.00284277        -7.53%      9.70%
         190         195        0.0088483616     0.00321186     0.0080746775     0.00288027     0.0097884407     0.00360746        -8.74%     10.62%
         195         200        0.0021900875     0.00268836     0.0020749568     0.00243318     0.0023766327     0.00299807        -5.26%      8.52%
         200         205        0.0054188708     0.00131181     0.0049979725     0.00118695     0.0059373629     0.00146838        -7.77%      9.57%
         205         210        0.0035313436     0.00143482     0.0034372049     0.00131981     0.0036514061     0.00157920        -2.67%      3.40%
         210         215        0.0023702917     0.00193004     0.0019398329     0.00187241     0.0029361438     0.00199942       -18.16%     23.87%
         215         220        0.0048156678     0.00126013     0.0044272338     0.00116323     0.0052841753     0.00137915        -8.07%      9.73%
         220         225        0.0016507989     0.00107648     0.0015716240    0.000962229     0.0017750214     0.00121945        -4.80%      7.52%
         225         230        0.0059978613     0.00160889     0.0054269268     0.00145535     0.0067142614     0.00180143        -9.52%     11.94%
         230         235        0.0013606460     0.00130900     0.0012657637     0.00115473     0.0014984330     0.00150238        -6.97%     10.13%
         235         240        0.0021816015    0.000637822     0.0020155939    0.000588334     0.0023833822    0.000701132        -7.61%      9.25%
         240         245        0.0014165276    0.000488386     0.0012669952    0.000445058     0.0016121875    0.000543793       -10.56%     13.81%
         245         250        0.0021889879     0.00126224     0.0021199199     0.00116153     0.0022713750     0.00139460        -3.16%      3.76%
         250         255        0.0051391048     0.00228782     0.0047731481     0.00218693     0.0055816924     0.00240202        -7.12%      8.61%
         255         260       0.00070605536     0.00144037    0.00061057662     0.00158994    0.00078302644     0.00132131       -13.52%     10.90%
         260         265        0.0033575932     0.00138975     0.0030683186     0.00124134     0.0037116395     0.00157267        -8.62%     10.54%
         265         270        0.0027260211     0.00125973     0.0024425583     0.00111922     0.0030734476     0.00143063       -10.40%     12.74%
         270         275        0.0013307319     0.00246844     0.0012881414     0.00240881     0.0013835633     0.00254834        -3.20%      3.97%
         275         280       0.00047685524     0.00202072    0.00035205551     0.00195320    0.00064580733     0.00208949       -26.17%     35.43%
         280         285        0.0012315867    0.000413082     0.0011300584    0.000352963     0.0013663661    0.000494273        -8.24%     10.94%
         285         290       0.00026352460    0.000468196    0.00023426227    0.000507258    0.00028711470    0.000437682       -11.10%      8.95%
         290         295       0.00050449361    0.000863448    0.00044397224    0.000756542    0.00058632329    0.000996299       -12.00%     16.22%
         295         300        0.0027670086     0.00115213     0.0025086617    0.000995315     0.0031062982     0.00134875        -9.34%     12.26%
         300         305       0.00032296028    0.000754380    0.00030544719    0.000671198    0.00035369991    0.000858874        -5.42%      9.52%
         305         310       0.00022907600     0.00121727    0.00021221734     0.00105081    0.00025216484     0.00142710        -7.36%     10.08%
         310         315        0.0019298421     0.00108637     0.0016783936    0.000936227     0.0022469339     0.00127515       -13.03%     16.43%
         315         320       0.00038551835    0.000391995    0.00034739220    0.000344942    0.00043702347    0.000450770        -9.89%     13.36%
         320         325       0.00062141998    0.000290164    0.00056932065    0.000273036    0.00069466278    0.000312938        -8.38%     11.79%
         325         330       0.00041397703    0.000186443    0.00035129821    0.000166180    0.00050132749    0.000214796       -15.14%     21.10%
         330         335       0.00073475649    0.000368970    0.00069685006    0.000352555    0.00078539364    0.000388691        -5.16%      6.89%
         335         340       0.00059027630    0.000282858    0.00052159852    0.000248249    0.00067785180    0.000327209       -11.63%     14.84%
         340         345       0.00047970479    0.000232544    0.00042206864    0.000196700    0.00055699080    0.000279601       -12.01%     16.11%
         345         350       6.6874175e-06    0.000374620   -8.8704025e-06    0.000340697    2.8252094e-05    0.000416784      -232.64%    322.47%
         350         355       0.00025621818    0.000267063    0.00022955653    0.000230848    0.00029177841    0.000313474       -10.41%     13.88%
         355         360       0.00022738523    0.000260957    0.00020894918    0.000280025    0.00024992284    0.000290433        -8.11%      9.91%
         360         365      -0.00016559522    0.000169444   -0.00019908811    0.000196391   -0.00013634972    0.000148481        20.23%    -17.66%
         365         370       0.00034966057    0.000334134    0.00031515600    0.000294472    0.00039791443    0.000385663        -9.87%     13.80%
         370         375      -0.00026969727    0.000409484   -0.00028007688    0.000404619   -0.00025682190    0.000416098         3.85%     -4.77%
         375         380       0.00013199153    0.000163619    0.00011146524    0.000138224    0.00015879262    0.000197119       -15.55%     20.31%
         380         385       0.00038940893    0.000133169    0.00034603938    0.000115484    0.00044712346    0.000156433       -11.14%     14.82%
         385         390       0.00029951483    0.000180543    0.00028093274    0.000174122    0.00032156431    0.000187793        -6.20%      7.36%
         390         395       0.00032911878    0.000252283    0.00028133531    0.000214950    0.00039038888    0.000299117       -14.52%     18.62%
         395         400       0.00053347950    0.000199520    0.00045460484    0.000167640    0.00063473425    0.000240829       -14.78%     18.98%
         400         405       1.6892797e-05    0.000180335   -1.8547752e-06    0.000209947    3.0423286e-05    0.000157744      -110.98%     80.10%
         405         410       0.00024816416    0.000150670    0.00022421903    0.000134751    0.00027763955    0.000170789        -9.65%     11.88%
         410         415       0.00013583836    0.000111309    0.00011744755    9.48529e-05    0.00015965826    0.000132611       -13.54%     17.54%
         415         420      -2.6113623e-05    0.000120351   -2.7989933e-05    0.000102294   -2.2658242e-05    0.000144159         7.19%    -13.23%
         420         425      -0.00031011332    0.000569561   -0.00038909138    0.000701881   -0.00025078726    0.000470742        25.47%    -19.13%
         425         430        0.0016487167     0.00105098     0.0013873332    0.000874896     0.0019914440     0.00128239       -15.85%     20.79%
         430         435      -0.00065554380    0.000896690   -0.00080656101     0.00109119   -0.00053943725    0.000747611        23.04%    -17.71%
         435         440       0.00062866397    0.000370495    0.00052325652    0.000305171    0.00076820286    0.000457169       -16.77%     22.20%
         440         445       0.00022152498    0.000107943    0.00018010055    8.40638e-05    0.00027938518    0.000142488       -18.70%     26.12%
         445         450       0.00021890661    0.000130692    0.00018418015    0.000109382    0.00026429712    0.000158560       -15.86%     20.74%
         450         455      -0.00038055011    0.000523065   -0.00074774745    0.000935612   -7.8166383e-05    0.000190376        96.49%    -79.46%
         455         460       6.3177438e-05    4.52402e-05    6.0679896e-05    4.20299e-05    6.6078096e-05    4.93351e-05        -3.95%      4.59%
         460         465       0.00019760292    9.15115e-05    0.00017236344    7.88719e-05    0.00022989507    0.000108160       -12.77%     16.34%
         465         470       0.00011991202    5.19569e-05    0.00010663654    4.35638e-05    0.00013639607    6.34277e-05       -11.07%     13.75%
         470         475       3.9860815e-05    0.000129661    6.8430972e-06    0.000153944    6.5106698e-05    0.000112397       -82.83%     63.34%
         475         480       5.5375561e-05    2.07172e-05    4.7880809e-05    1.80939e-05    6.5041819e-05    2.41330e-05       -13.53%     17.46%
         480         485       0.00013867844    9.80909e-05    0.00011425894    7.96683e-05    0.00017175295    0.000122873       -17.61%     23.85%
         485         490      -9.7744474e-05    0.000115273   -0.00011357259    0.000137880   -8.5457253e-05    9.86724e-05        16.19%    -12.57%
         490         495      -2.5112041e-05    3.52141e-05   -3.0319240e-05    4.29690e-05   -2.1129184e-05    2.93306e-05        20.74%    -15.86%
         495         500       0.00010760715    4.79470e-05    9.5046959e-05    4.29446e-05    0.00012358237    5.45712e-05       -11.67%     14.85%
         500         505       2.8717618e-05    2.42591e-05    2.4949008e-05    2.21406e-05    3.4037431e-05    2.70139e-05       -13.12%     18.52%
         505         510      -6.7491383e-06    9.02525e-05   -2.2306674e-05    0.000108085    4.1147749e-06    7.68948e-05       230.51%   -160.97%
         510         515       0.00016580217    0.000100648    0.00014557696    8.94414e-05    0.00019213253    0.000115983       -12.20%     15.88%
         515         520      -0.00073079845    0.000521080   -0.00080065167    0.000557648   -0.00067316748    0.000490866         9.56%     -7.89%
         520         525       0.00024049402    0.000230759    0.00020262536    0.000194564    0.00029007721    0.000277909       -15.75%     20.62%
         525         530       8.1047768e-06    0.000169445   -1.5659273e-05    0.000152052    4.2154691e-05    0.000192563      -293.21%    420.12%
         530         535       3.2266863e-05    3.90942e-05    2.8751364e-05    3.55323e-05    3.6847280e-05    4.35316e-05       -10.90%     14.20%
         535         540       0.00019030042    0.000171749    0.00017860063    0.000162175    0.00020349329    0.000182239        -6.15%      6.93%
         540         545       0.00014375498    0.000185358    0.00012958043    0.000170479    0.00016034788    0.000202309        -9.86%     11.54%
         545         550       3.1223701e-05    3.87133e-05    2.7429319e-05    3.22021e-05    3.6215828e-05    4.72703e-05       -12.15%     15.99%
         550         555      -2.4553122e-05    1.61510e-05   -3.3932227e-05    2.22159e-05   -1.6955637e-05    1.18244e-05        38.20%    -30.94%
         555         560       4.8018652e-05    3.53991e-05    3.9422690e-05    2.84090e-05    5.9855378e-05    4.52863e-05       -17.90%     24.65%
         560         565       8.0958645e-05    0.000105307    6.3462884e-05    8.55137e-05    0.00010521938    0.000132254       -21.61%     29.97%
         565         570       0.00083015988    0.000808711    0.00078444616    0.000765889    0.00087948125    0.000854354        -5.51%      5.94%
         570         575       3.2157965e-05    8.97571e-05   -8.3437391e-06    0.000107659    7.0546344e-05    9.16271e-05      -125.95%    119.37%
         575         580       3.7598605e-05    4.79084e-05    3.3905426e-05    4.31480e-05    4.2469037e-05    5.38852e-05        -9.82%     12.95%
         580         585       1.9752691e-05    5.17376e-05    1.8055664e-05    6.33028e-05    2.0328042e-05    4.71525e-05        -8.59%      2.91%
         585         590       3.6070056e-06    8.87528e-06    2.3237606e-06    7.76870e-06    5.3151498e-06    1.02820e-05       -35.58%     47.36%
         590         595      -9.1219740e-05    7.53932e-05   -0.00011284465    9.06847e-05   -7.5093383e-05    6.35746e-05        23.71%    -17.68%
         595         600       -0.0013236877     0.00138763    -0.0016002525     0.00167634    -0.0011111041     0.00116579        20.89%    -16.06%
         600         605      -5.9556262e-05    7.39181e-05   -7.1504126e-05    8.93887e-05   -5.0268937e-05    6.20922e-05        20.06%    -15.59%
         605         610      -4.3630744e-06    1.60139e-05   -5.9009518e-06    1.73544e-05   -3.1233003e-06    1.49665e-05        35.25%    -28.42%
         610         615      -9.1733072e-06    8.31188e-06   -1.1385153e-05    1.01862e-05   -7.5275782e-06    6.90258e-06        24.11%    -17.94%
         615         620       5.7528802e-05    4.19681e-05    4.6820563e-05    3.41628e-05    7.1842753e-05    5.24366e-05       -18.61%     24.88%
         620         625       0.00015518577    0.000137018    0.00013807024    0.000123846    0.00017627625    0.000152708       -11.03%     13.59%
         625         630        0.0014329934     0.00141117     0.0012031921     0.00118552     0.0017323471     0.00170483       -16.04%     20.89%
         630         635      -8.2071795e-07    1.01474e-06   -1.0142045e-06    1.28087e-06   -6.8597671e-07    8.29315e-07        23.58%    -16.42%
         635         640       4.4712372e-05    3.57223e-05    4.0157594e-05    3.26554e-05    5.0218636e-05    3.93046e-05       -10.19%     12.31%
         640         645      -4.8209181e-06    6.76699e-06   -5.7845298e-06    8.15511e-06   -4.0833071e-06    5.70147e-06        19.99%    -15.30%
         645         650       5.1846080e-05    3.95087e-05    4.3153907e-05    3.22662e-05    6.3129429e-05    4.91660e-05       -16.77%     21.76%
         650         655      -7.9402429e-06    9.99392e-05   -1.7974298e-05    0.000126927   -1.0153102e-06    8.06148e-05       126.37%    -87.21%
         655         660      -5.6003956e-05    7.99303e-05   -7.0589140e-05    0.000100084   -4.5223934e-05    6.51197e-05        26.04%    -19.25%
         660         665      -7.7320867e-06    7.56953e-06   -9.6336275e-06    9.32708e-06   -6.3176430e-06    6.25829e-06        24.59%    -18.29%
         665         670       1.9507714e-06    2.34204e-05    5.7874198e-07    2.11275e-05    3.8573754e-06    2.62399e-05       -70.33%     97.74%
         670         675      -8.7156552e-06    9.59607e-06   -1.3010981e-05    1.30516e-05   -5.9402597e-06    7.37583e-06        49.28%    -31.84%
         675         680       1.3909865e-05    8.67226e-06    1.1633754e-05    7.44624e-06    1.6976863e-05    1.03384e-05       -16.36%     22.05%
         680         685       3.6031915e-06    2.21083e-06    3.0935751e-06    1.94980e-06    4.2673746e-06    2.54354e-06       -14.14%     18.43%
         685         690       1.2092328e-05    7.52520e-06    1.0557224e-05    6.70618e-06    1.4035297e-05    8.52580e-06       -12.69%     16.07%
         690         695       8.5284018e-07    2.51638e-06    5.8976125e-07    2.01988e-06    1.2852252e-06    3.22030e-06       -30.85%     50.70%
         695         700       0.00015588715    0.000152746    0.00013053040    0.000128000    0.00018917365    0.000185197       -16.27%     21.35%
         700         705      -0.00015786425    0.000152861   -0.00019070802    0.000185307   -0.00013274727    0.000128118        20.81%    -15.91%
         705         710       5.3627344e-05    5.24946e-05    4.0899014e-05    3.99331e-05    7.2281715e-05    7.09297e-05       -23.73%     34.79%
         710         715       7.6133302e-06    7.59214e-06    5.5358095e-06    5.56362e-06    1.0845654e-05    1.07383e-05       -27.29%     42.46%
         715         720       2.0601035e-06    2.85997e-06    1.6167563e-06    2.21739e-06    2.7289770e-06    3.78826e-06       -21.52%     32.47%
         720         725       6.8438696e-06    6.98514e-06    5.1299512e-06    5.44986e-06    9.3295387e-06    9.18911e-06       -25.04%     36.32%
         725         730       1.7952818e-06    1.15606e-06    1.4103284e-06    9.09802e-07    2.3400394e-06    1.50390e-06       -21.44%     30.34%
         730         735       0.00075285294    0.000667155    0.00069162078    0.000621242    0.00082572771    0.000719066        -8.13%      9.68%
         735         740       5.7259140e-06    3.24227e-06    4.6263740e-06    2.66516e-06    7.2427712e-06    4.06369e-06       -19.20%     26.49%
         740         745      -9.3342476e-06    9.11464e-06   -1.1720930e-05    1.13843e-05   -7.5421079e-06    7.43920e-06        25.57%    -19.20%
         745         750      -2.0510086e-06    1.82985e-06   -2.6112811e-06    2.33205e-06   -1.6446767e-06    1.46633e-06        27.32%    -19.81%
         750         755       0.00012707926    0.000120905    0.00011729810    0.000111969    0.00013837724    0.000131107        -7.70%      8.89%
         755         760       1.4750153e-05    1.19644e-05    1.1426222e-05    9.28290e-06    1.9562225e-05    1.58236e-05       -22.53%     32.62%
         760         765       2.4759979e-07    1.63382e-07    1.8421597e-07    1.32446e-07    3.3632115e-07    2.13134e-07       -25.60%     35.83%
         765         770       4.6273044e-05    4.34448e-05    4.2075120e-05    3.97193e-05    5.1267470e-05    4.78118e-05        -9.07%     10.79%
         770         775       2.3758586e-07    2.47171e-07    1.8161399e-07    1.90040e-07    3.1925827e-07    3.30287e-07       -23.56%     34.38%
         775         780      -9.6560196e-06    7.32961e-06   -1.2155913e-05    9.06686e-06   -7.8389130e-06    6.03993e-06        25.89%    -18.82%
         780         785       4.3800904e-05    3.51675e-05    3.9057109e-05    3.18746e-05    4.9649463e-05    3.91010e-05       -10.83%     13.35%
         785         790       9.2216790e-06    7.90849e-06    7.8543213e-06    6.52751e-06    1.1010216e-05    9.76511e-06       -14.83%     19.39%
         790         795       1.9974156e-06    1.07778e-06    1.6238062e-06    8.90013e-07    2.5108868e-06    1.33529e-06       -18.70%     25.71%
         795         800      -4.4423752e-06    1.16703e-05   -6.7058804e-06    1.57656e-05   -2.9755014e-06    8.89294e-06        50.95%    -33.02%
         800         805       4.1667185e-06    1.14021e-05    3.1987800e-06    8.62429e-06    5.8069171e-06    1.55280e-05       -23.23%     39.36%
         805         810       1.4556670e-07    1.49140e-07    1.2106874e-07    1.27087e-07    1.6197166e-07    1.63833e-07       -16.83%     11.27%
         810         815       6.7874493e-07    5.12967e-07    5.4295454e-07    4.04427e-07    8.6777130e-07    6.65494e-07       -20.01%     27.85%
         815         820       5.9268513e-05    5.59868e-05    5.6279354e-05    5.04923e-05    6.2930150e-05    6.31274e-05        -5.04%      6.18%
         820         825       5.2122877e-05    5.36660e-05    4.8239054e-05    4.95818e-05    5.6596919e-05    5.83583e-05        -7.45%      8.58%
         825         830       1.0700787e-05    8.94324e-06    8.7249455e-06    7.39754e-06    1.3372478e-05    1.10097e-05       -18.46%     24.97%
         830         835       7.2509026e-06    5.94753e-06    5.3751866e-06    4.31559e-06    1.0153014e-05    8.49827e-06       -25.87%     40.02%
         835         840      -1.8530431e-05    1.26035e-05   -2.2988973e-05    1.57097e-05   -1.5225208e-05    1.03116e-05        24.06%    -17.84%
         840         845       1.4224104e-06    2.38241e-06    1.1108304e-06    1.85969e-06    1.9243009e-06    3.13536e-06       -21.91%     35.28%
         845         850      -4.1351307e-06    3.49430e-06   -5.0981508e-06    4.36690e-06   -3.4155870e-06    2.85627e-06        23.29%    -17.40%
         850         855      -2.6682407e-06    3.30390e-06   -5.1852284e-06    5.97115e-06   -7.4285749e-07    1.32453e-06        94.33%    -72.16%
         855         860       1.2065496e-05    1.16007e-05    9.7098723e-06    9.32267e-06    1.5318649e-05    1.47624e-05       -19.52%     26.96%
         860         865       1.9795573e-07    1.63453e-07    1.6860141e-07    1.33066e-07    2.2927706e-07    2.06289e-07       -14.83%     15.82%
         865         870      -3.4759006e-05    3.48343e-05   -4.4461139e-05    4.45737e-05   -2.7802672e-05    2.78540e-05        27.91%    -20.01%
         870         875      -6.8892294e-06    6.99710e-06   -9.0435614e-06    9.18021e-06   -5.3858878e-06    5.47289e-06        31.27%    -21.82%
         875         880      -8.1155605e-07    6.00653e-06   -1.2538759e-06    5.24711e-06   -8.0122811e-08    7.02896e-06        54.50%    -90.13%
         880         885       7.6092029e-06    6.94136e-06    5.9200800e-06    5.42614e-06    1.0043530e-05    9.11346e-06       -22.20%     31.99%
         885         890      -6.4800376e-08    2.40725e-07   -7.4904962e-08    2.28085e-07   -4.3940211e-08    3.11814e-07        15.59%    -32.19%
         890         895       1.5067750e-06    4.17250e-06    1.0329576e-06    3.17331e-06    2.2529395e-06    5.65352e-06       -31.45%     49.52%
         895         900      -1.7310658e-06    2.25530e-06   -1.8929953e-06    2.55563e-06   -1.5840038e-06    2.00830e-06         9.35%     -8.50%
         900         905       7.5314518e-08    1.20383e-07    6.4978018e-08    1.06045e-07    8.8554011e-08    1.38615e-07       -13.72%     17.58%
         905         910       3.9394464e-05    3.93906e-05    3.1499810e-05    3.14973e-05    5.0410005e-05    5.04039e-05       -20.04%     27.96%
         910         915       9.0243353e-06    9.98620e-06    7.2120099e-06    8.07283e-06    1.1527614e-05    1.26133e-05       -20.08%     27.74%
         915         920      -2.8546840e-06    2.99197e-06   -3.5900345e-06    3.76315e-06   -2.3182995e-06    2.42891e-06        25.76%    -18.79%
         920         925       7.5837367e-06    4.38033e-06    6.1352168e-06    3.53208e-06    9.5749747e-06    5.55379e-06       -19.10%     26.26%
         925         930      -1.4759430e-05    1.48850e-05   -2.0522751e-05    2.07332e-05   -1.0953080e-05    1.10261e-05        39.05%    -25.79%
         930         935      -3.2795359e-05    3.28803e-05   -5.3316603e-05    5.34291e-05   -1.6731191e-05    1.67969e-05        62.57%    -48.98%
         935         940       2.0588480e-07    2.05886e-07    1.8906240e-07    1.89063e-07    2.2541412e-07    2.25419e-07        -8.17%      9.49%
         940         945      -5.6513093e-05    5.65734e-05   -8.6950211e-05    8.70513e-05   -3.5088971e-05    3.51268e-05        53.86%    -37.91%
         945         950       4.5691756e-08    5.21311e-08    4.4297098e-08    6.53156e-08    4.6202543e-08    5.19844e-08        -3.05%      1.12%
         950         955       3.9510316e-07    3.71087e-07    3.1302917e-07    2.90305e-07    5.1105781e-07    4.85571e-07       -20.77%     29.35%
         955         960      -4.3234947e-08    5.77429e-08   -5.4763323e-08    6.91351e-08   -3.4379398e-08    4.91126e-08        26.66%    -20.48%
         960         965       2.7720042e-06    2.77698e-06    2.3046052e-06    2.30912e-06    3.5424282e-06    3.54796e-06       -16.86%     27.79%
         965         970      -2.0615276e-06    1.68932e-06   -3.0732007e-06    2.64758e-06   -1.3640182e-06    1.04504e-06        49.07%    -33.83%
         970         975       3.6386568e-05    3.45581e-05    3.2260244e-05    3.07821e-05    4.1447753e-05    3.91410e-05       -11.34%     13.91%
         975         980       1.1131949e-07    7.94768e-08    9.3253173e-08    6.62495e-08    1.3621993e-07    9.84587e-08       -16.23%     22.37%
         980         985      -4.3355368e-08    4.37231e-08   -4.7933859e-08    4.83346e-08   -3.9475248e-08    3.98119e-08        10.56%     -8.95%
         985         990       4.1652047e-07    3.83116e-07    3.4612071e-07    3.22758e-07    5.1084421e-07    4.62050e-07       -16.90%     22.65%
         990         995       1.4784832e-05    1.48551e-05    1.0929189e-05    1.10042e-05    2.0633561e-05    2.06909e-05       -26.08%     39.56%
         995        1000       3.4387150e-05    3.43801e-05    3.0714166e-05    3.07092e-05    3.8851377e-05    3.88411e-05       -10.68%     12.98%
