#  left-edge  right-edge       scale-central  central-error        scale-min      min-error        scale-max      max-error      rel-down     rel-up
           0           5           2.3513783       0.421637        2.2491239       0.349791        2.4260470       0.499175        -4.35%      3.18%
           5          10           2.9921299       0.362489        2.8411254       0.321176        3.1179827       0.409204        -5.05%      4.21%
          10          15           2.5761227       0.279630        2.4926622       0.250195        2.6476216       0.349278        -3.24%      2.78%
          15          20           1.7995124       0.311170        1.6533889       0.377718        1.9005262       0.263984        -8.12%      5.61%
          20          25           2.7396655       0.353458        2.6693816       0.391129        2.8054890       0.324342        -2.57%      2.40%
          25          30           2.8483977       0.316136        2.7878891       0.287008        2.8920050       0.394329        -2.12%      1.53%
          30          35           2.6513752       0.296015        2.5546320       0.367633        2.7238262       0.267616        -3.65%      2.73%
          35          40           2.1618105       0.271082        2.0642913       0.334934        2.2290052       0.226075        -4.51%      3.11%
          40          45           1.5008663       0.218525        1.4412153       0.254122        1.5538350       0.192848        -3.97%      3.53%
          45          50          0.91180080       0.188948       0.88695880       0.237885       0.93357434       0.163457        -2.72%      2.39%
          50          55           1.0701495       0.119381        1.0134175       0.101036        1.1385623       0.145620        -5.30%      6.39%
          55          60          0.56049158       0.112385       0.54509614      0.0982008       0.57590066       0.132724        -2.75%      2.75%
          60          65          0.55493659       0.108588       0.52403443      0.0912654       0.59255001       0.133330        -5.57%      6.78%
          65          70          0.22140773      0.0794490       0.20648035      0.0924301       0.23207398      0.0702631        -6.74%      4.82%
          70          75          0.32150342      0.0901591       0.30967974      0.0763040       0.33519587       0.109724        -3.68%      4.26%
          75          80          0.22208920      0.0571185       0.21226001      0.0488179       0.23444609      0.0690961        -4.43%      5.56%
          80          85          0.22386108      0.0569844       0.21672297      0.0551105       0.23103462      0.0585473        -3.19%      3.20%
          85          90          0.10071187      0.0545069      0.089026514      0.0700316       0.10878365      0.0439674       -11.60%      8.01%
          90          95          0.14179181      0.0488423       0.13262691      0.0420781       0.15272889      0.0582232        -6.46%      7.71%
          95         100        -0.018767208       0.104925     -0.040809244       0.131330    -0.0034060753      0.0858451       117.45%    -81.85%
         100         105         0.090281364      0.0347647      0.087026192      0.0339569      0.093790930      0.0353958        -3.61%      3.89%
         105         110         0.026891284      0.0235712      0.024522121      0.0217171      0.029894830      0.0259627        -8.81%     11.17%
         110         115         0.084946723      0.0347557      0.080619752      0.0307621      0.090226433      0.0401200        -5.09%      6.22%
         115         120         0.016146381      0.0238298      0.012580079      0.0286236      0.018493313      0.0204005       -22.09%     14.54%
         120         125       -0.0022031084      0.0258983     -0.010958751      0.0318738     0.0042629776      0.0217063       397.42%   -293.50%
         125         130         0.036706341      0.0251520      0.035086312      0.0203908      0.038035453      0.0321225        -4.41%      3.62%
         130         135         0.016565485      0.0167826      0.015404038      0.0206395      0.017374907      0.0170700        -7.01%      4.89%
         135         140         0.028420189      0.0131596      0.024190454      0.0107533      0.034205666      0.0165820       -14.88%     20.36%
         140         145         0.020555739      0.0137972      0.018079533      0.0106705      0.023745054      0.0174914       -12.05%     15.52%
         145         150         0.029641190      0.0122657      0.024704863     0.00961342      0.036772537      0.0164918       -16.65%     24.06%
         150         155        0.0091620238     0.00604140     0.0077980213     0.00748289     0.0099527598     0.00504072       -14.89%      8.63%
         155         160         0.016792396      0.0106021      0.015688521     0.00883573      0.018123326      0.0130832        -6.57%      7.93%
         160         165        0.0095238117     0.00647415     0.0085438978     0.00533464      0.010747922     0.00807382       -10.29%     12.85%
         165         170        0.0086368869     0.00462939     0.0079075395     0.00402261     0.0095265876     0.00551725        -8.44%     10.30%
         170         175       -0.0014739664     0.00935649    -0.0050263643      0.0116942    0.00095605635     0.00770213       241.01%   -164.86%
         175         180        0.0087791194     0.00454891     0.0074112551     0.00372790      0.010878859     0.00588338       -15.58%     23.92%
         180         185        0.0065491543     0.00478516     0.0058491668     0.00497864     0.0074648526     0.00467821       -10.69%     13.98%
         185         190        0.0086296833     0.00750142     0.0070956243     0.00615136      0.010628753     0.00932267       -17.78%     23.17%
         190         195         0.012085893     0.00598793      0.010179483     0.00460064      0.014832645     0.00809041       -15.77%     22.73%
         195         200       0.00086868363     0.00125479    0.00063416405     0.00138294     0.0010301918     0.00117512       -27.00%     18.59%
         200         205        -0.021969075      0.0322726     -0.022676460      0.0349408     -0.021222376      0.0306754         3.22%     -3.40%
         205         210        -0.045133951       0.101860     -0.068852751       0.138824     -0.029468281      0.0768173        52.55%    -34.71%
         210         215         0.034236424      0.0297902      0.028269405      0.0243380      0.042146398      0.0369908       -17.43%     23.10%
         215         220       -0.0028156465      0.0109036    -0.0036218129      0.0139997    -0.0022362193     0.00867764        28.63%    -20.58%
         220         225      -8.1773151e-05    0.000896878   -0.00021116372    0.000974586    0.00011350525     0.00114800       158.23%   -238.81%
         225         230        0.0052024291     0.00371023     0.0043660681     0.00296440     0.0063323601     0.00475765       -16.08%     21.72%
         230         235       -0.0045888168     0.00782460    -0.0062228322     0.00981598    -0.0034263794     0.00638942        35.61%    -25.33%
         235         240        0.0055315539     0.00557148     0.0041561744     0.00363531     0.0073558145     0.00835574       -24.86%     32.98%
         240         245        0.0026993445     0.00243905     0.0025752744     0.00190914     0.0027972770     0.00251523        -4.60%      3.63%
         245         250        0.0024020849     0.00313807     0.0021193038     0.00272203     0.0027457868     0.00367048       -11.77%     14.31%
         250         255        0.0044199070     0.00307478     0.0033266388     0.00225164     0.0060549362     0.00428537       -24.74%     36.99%
         255         260        0.0010960679     0.00167781    0.00074935973     0.00111919     0.0016591455     0.00262578       -31.63%     51.37%
         260         265        0.0013756999     0.00226628     0.0011779473     0.00193480     0.0016418394     0.00271425       -14.37%     19.35%
         265         270        0.0036387146     0.00196366     0.0035333517     0.00189154     0.0037248611     0.00204774        -2.90%      2.37%
         270         275        0.0013621173    0.000657060     0.0011409089    0.000511097     0.0016633359    0.000877747       -16.24%     22.11%
         275         280       2.9490101e-05    0.000298870   -6.5053717e-06    0.000180256    7.0715720e-05    0.000593365      -122.06%    139.79%
         280         285        0.0017794182     0.00622905     0.0012256005     0.00451674     0.0026252776     0.00873755       -31.12%     47.54%
         285         290      -3.3235525e-06    0.000170913   -6.5416363e-05    0.000334024    2.7622229e-05    0.000174349      1868.27%   -931.11%
         290         295        0.0014935317    0.000864467     0.0011915673    0.000661820     0.0018921754     0.00114699       -20.22%     26.69%
         295         300       0.00078897404    0.000504853    0.00062343377    0.000590125    0.00086909852    0.000473437       -20.98%     10.16%
         300         305      -4.1572776e-05    0.000499332   -8.9427222e-05    0.000486389    2.2096649e-05    0.000526878       115.11%   -153.15%
         305         310      -5.2186340e-05    0.000763709   -0.00028756636     0.00103016    9.5055732e-05    0.000590028       451.04%   -282.15%
         310         315        -0.011195556      0.0162621     -0.018546181      0.0254164    -0.0071335516      0.0109398        65.66%    -36.28%
         315         320       0.00093438102    0.000652255    0.00084836734    0.000639150     0.0010303758    0.000692222        -9.21%     10.27%
         320         325       0.00069444831     0.00175991    0.00059900076     0.00146395    0.00082508008     0.00217087       -13.74%     18.81%
         325         330      -0.00088066858     0.00121627    -0.0013511700     0.00170307   -0.00056222877    0.000892108        53.43%    -36.16%
         330         335      -0.00040061909    0.000775446   -0.00078060346     0.00105032   -0.00016947617    0.000604279        94.85%    -57.70%
         335         340        -0.018015916      0.0190598     -0.020617793      0.0218615     -0.015588309      0.0169945        14.44%    -13.47%
         340         345      -0.00076511047    0.000888698    -0.0010749488     0.00113880   -0.00055597257    0.000714677        40.50%    -27.33%
         345         350       0.00034955675    0.000852492    0.00028181724     0.00104362    0.00038854997    0.000718583       -19.38%     11.16%
         350         355        0.0019218545     0.00140139     0.0015442319     0.00107109     0.0024651488     0.00189601       -19.65%     28.27%
         355         360        0.0013207045     0.00155571     0.0011862436     0.00214198     0.0013463786     0.00125301       -10.18%      1.94%
         360         365        0.0010400654     0.00103488    0.00054763950     0.00117580     0.0012642279     0.00101146       -47.35%     21.55%
         365         370       -0.0033229802     0.00482443    -0.0054090867     0.00748459    -0.0020007140     0.00311614        62.78%    -39.79%
         370         375       0.00060150775    0.000444278    0.00048055667    0.000309732    0.00075370879    0.000635240       -20.11%     25.30%
         375         380      -0.00041641922    0.000576852   -0.00045562817    0.000628655   -0.00037663720    0.000547262         9.42%     -9.55%
         380         385        0.0021209220     0.00292026     0.0016215745     0.00198692     0.0028783060     0.00448692       -23.54%     35.71%
         385         390       0.00054509188    0.000629531    0.00046331504    0.000529179    0.00065569626    0.000766682       -15.00%     20.29%
         390         395      -0.00022523477    0.000791872   -0.00025825102    0.000928307   -0.00019917502    0.000685808        14.66%    -11.57%
         395         400        0.0032890788     0.00287957     0.0024026204     0.00203859     0.0045801783     0.00415084       -26.95%     39.25%
         400         405       0.00067610102     0.00104582    0.00044575886    0.000745781     0.0010406479     0.00150551       -34.07%     53.92%
         405         410       8.2634100e-05    0.000375068   -3.1455550e-05    0.000252303    0.00028456984    0.000648306      -138.07%    244.37%
         410         415       0.00022177395    0.000606276    0.00020031272    0.000502173    0.00023748670    0.000762655        -9.68%      7.09%
         415         420       0.00090530102     0.00157264    0.00061048461     0.00108532     0.0013741469     0.00233873       -32.57%     51.79%
         420         425       -0.0017430096     0.00292978    -0.0035303390     0.00513973   -0.00052748428     0.00168120       102.54%    -69.74%
         425         430      -0.00017189467    0.000668721   -0.00024928578    0.000956441   -0.00012538536    0.000485249        45.02%    -27.06%
         430         435        0.0018454633     0.00184932     0.0015566816     0.00151903     0.0022334430     0.00231672       -15.65%     21.02%
         435         440        -0.038231711      0.0596431     -0.050184558      0.0792496     -0.030055754      0.0464127        31.26%    -21.39%
         440         445       0.00039290821    0.000430775    0.00032461242    0.000365437    0.00049277025    0.000526467       -17.38%     25.42%
         445         450         0.089783327       0.250748      0.037261363       0.143934       0.21035596       0.489882       -58.50%    134.29%
         450         455      -9.6714693e-05    0.000323608   -0.00014524890    0.000406897   -6.3324494e-05    0.000263365        50.18%    -34.52%
         455         460       6.7505043e-05    0.000194427    3.6451282e-05    0.000224929    8.8109030e-05    0.000173584       -46.00%     30.52%
         460         465         0.012328804      0.0223568     0.0083406466      0.0160046      0.018705033      0.0324442       -32.35%     51.72%
         465         470          -25.660280        41.7884       -40.420147        64.4566       -17.633128        29.4061        57.52%    -31.28%
         470         475       6.5113886e-05    0.000248662    3.8620348e-05    0.000316297    8.3375051e-05    0.000222236       -40.69%     28.04%
         475         480       0.00050169580    0.000437048    0.00036425792    0.000328181    0.00071704847    0.000623993       -27.39%     42.92%
         480         485       0.00016007913    0.000101959    0.00013391538    8.52095e-05    0.00019397623    0.000123830       -16.34%     21.18%
         485         490      -9.9764278e-05    0.000192973   -0.00012710963    0.000253179   -8.0804767e-05    0.000152317        27.41%    -19.00%
         490         495        -0.076276014       0.145289     -0.098643457       0.182316     -0.060310793       0.118771        29.32%    -20.93%
         495         500       2.2984167e-05    6.21702e-05    1.1341602e-05    5.12808e-05    4.2033708e-05    7.96060e-05       -50.65%     82.88%
         500         505      -0.00019708206    0.000525711   -0.00030626333    0.000681377   -0.00012106877    0.000418026        55.40%    -38.57%
         505         510       0.00070403147     0.00196238    0.00058269625     0.00162413    0.00087042831     0.00242675       -17.23%     23.63%
         510         515      -0.00056746376    0.000714559   -0.00073693026    0.000902214   -0.00044770431    0.000578011        29.86%    -21.10%
         515         520      -0.00067282045     0.00203981   -0.00072987553     0.00221744   -0.00060897533     0.00184246         8.48%     -9.49%
         520         525      -0.00014859124    8.46419e-05   -0.00021633946    0.000118957   -0.00010611786    6.46070e-05        45.59%    -28.58%
         525         530      -0.00021268943    0.000372538   -0.00029129337    0.000497286   -0.00015831555    0.000284881        36.96%    -25.56%
         530         535       0.00033762949     0.00104580    0.00022129167    0.000725232    0.00052812435     0.00156002       -34.46%     56.42%
         535         540       -0.0011288444     0.00109727    -0.0015664943     0.00147815   -0.00083544591    0.000836513        38.77%    -25.99%
         540         545       1.0084420e-05    2.85892e-05   -3.4132160e-05    6.51147e-05    3.9973991e-05    2.61732e-05      -438.46%    296.39%
         545         550      -0.00018693585    0.000219713   -0.00027521225    0.000308438   -0.00013058447    0.000162075        47.22%    -30.14%
         550         555       0.00031656011    0.000224588    0.00011020292    0.000289952    0.00049173695    0.000345682       -65.19%     55.34%
         555         560       0.00050204340    0.000287843    0.00042786380    0.000248045    0.00060177805    0.000342069       -14.78%     19.87%
         560         565       0.00057103927    0.000575169    0.00053586741    0.000537234    0.00060975940    0.000617302        -6.16%      6.78%
         565         570        0.0024703662     0.00717148     0.0010647090     0.00433639     0.0057749544      0.0133814       -56.90%    133.77%
         570         575       4.5310030e-05    7.72910e-05    3.6775276e-05    0.000114531    4.6953444e-05    6.77825e-05       -18.84%      3.63%
         575         580       1.0672270e-05    1.16750e-05    7.6068229e-06    8.71826e-06    1.5933121e-05    1.67768e-05       -28.72%     49.29%
         580         585       5.7484402e-05    3.50490e-05    4.9720709e-05    2.81404e-05    6.6528638e-05    4.51632e-05       -13.51%     15.73%
         585         590       -0.0058318048     0.00892166     -0.010785913      0.0164181    -0.0036598592     0.00562640        84.95%    -37.24%
         590         595       0.00011467848    6.92775e-05    9.4960988e-05    5.60168e-05    0.00014103969    8.78395e-05       -17.19%     22.99%
         595         600       7.2371458e-05    0.000279727    2.0981771e-05    0.000185362    0.00015610742    0.000426725       -71.01%    115.70%
         600         605        0.0073602366      0.0118240     0.0062498508     0.00999082     0.0086021034      0.0138954       -15.09%     16.87%
         605         610          -24.263168        33.3142       -35.871548        50.1821       -17.851150        24.2131        47.84%    -26.43%
         610         615      -4.1926259e-05    5.17679e-05   -6.5789318e-05    7.73947e-05   -2.6523977e-05    3.50743e-05        56.92%    -36.74%
         615         620       4.9855563e-05    3.02875e-05    4.3229880e-05    2.70049e-05    5.8283819e-05    3.47214e-05       -13.29%     16.91%
         620         625       1.5068202e-06    1.61832e-05    1.1156611e-06    1.65308e-05    2.0413860e-06    1.47377e-05       -25.96%     35.48%
         625         630        0.0010090340     0.00166019    0.00067610132     0.00111349     0.0015657131     0.00257552       -33.00%     55.17%
         630         635      -4.0062707e-06    5.07001e-06   -5.5631979e-06    6.62341e-06   -2.9571790e-06    3.98430e-06        38.86%    -26.19%
         635         640       -0.0083611949      0.0156847     -0.011637471      0.0226501    -0.0061813371      0.0112861        39.18%    -26.07%
         640         645       6.2993211e-05    4.15321e-05    4.0241633e-05    2.45757e-05    9.9282235e-05    7.02020e-05       -36.12%     57.61%
         645         650        -0.024630128      0.0626394     -0.039922601       0.105970     -0.015819529      0.0394304        62.09%    -35.77%
         650         655       4.5371124e-05    3.04446e-05    3.8910709e-05    2.64271e-05    5.2842702e-05    3.52397e-05       -14.24%     16.47%
         655         660      -0.00018329106    0.000277602   -0.00031321953    0.000461911   -9.8419266e-05    0.000162545        70.89%    -46.30%
         660         665       7.7021879e-05    6.23611e-05    5.0783606e-05    4.04135e-05    0.00011948626    9.80168e-05       -34.07%     55.13%
         665         670       7.8406211e-06    9.92570e-06    6.2368940e-06    7.60028e-06    1.0111087e-05    1.33149e-05       -20.45%     28.96%
         670         675      -1.5406400e-05    1.98731e-05   -2.2418273e-05    2.80387e-05   -1.0949024e-05    1.45672e-05        45.51%    -28.93%
         675         680      -0.00062321069    0.000442706    -0.0011711986    0.000865625   -0.00031202531    0.000210039        87.93%    -49.93%
         680         685      -1.5998505e-05    1.05528e-05   -2.6469343e-05    1.67570e-05   -1.0337169e-05    7.45360e-06        65.45%    -35.39%
         685         690       3.1333793e-06    2.34318e-06    2.4480458e-06    1.81491e-06    4.1159607e-06    3.11893e-06       -21.87%     31.36%
         690         695       1.6264406e-05    1.30230e-05    1.3012931e-05    1.06107e-05    2.0887452e-05    1.63342e-05       -19.99%     28.42%
         695         700       7.9945561e-05    5.78772e-05    4.1208595e-05    2.68072e-05    0.00015606235    0.000122698       -48.45%     95.21%
         700         705       5.3058830e-05    3.31882e-05    4.6223681e-05    2.91905e-05    6.1871254e-05    3.83205e-05       -12.88%     16.61%
         705         710      -2.0577759e-06    1.49211e-06   -3.5367829e-06    2.33246e-06   -1.2569546e-06    1.05214e-06        71.87%    -38.92%
         710         715       3.7626015e-06    4.89029e-06    2.2361984e-06    4.01234e-06    5.2770848e-06    5.95549e-06       -40.57%     40.25%
         715         720       1.8545117e-05    1.82764e-05    1.4889447e-05    1.46287e-05    2.3583160e-05    2.33340e-05       -19.71%     27.17%
         720         725      -0.00012010617    7.69137e-05   -0.00020293339    0.000136523   -7.1874662e-05    4.48092e-05        68.96%    -40.16%
         725         730       8.7298043e-06    9.23256e-06    7.0640549e-06    6.28047e-06    1.0887936e-05    1.42546e-05       -19.08%     24.72%
         730         735       8.8514590e-05    8.52503e-05    8.2043537e-05    7.79139e-05    9.4882797e-05    9.41314e-05        -7.31%      7.19%
         735         740      -9.3877617e-05    0.000144123   -0.00012962233    0.000202583   -6.8871320e-05    0.000103532        38.08%    -26.64%
         740         745       1.2159789e-06    1.14748e-05   -5.1233586e-06    2.27517e-05    3.5241814e-06    6.79777e-06      -521.34%    189.82%
         745         750          0.33113815       0.544972       0.22868512       0.378158       0.49872950       0.818868       -30.94%     50.61%
         750         755      -5.7580653e-07    6.81609e-07   -7.0804861e-07    8.22695e-07   -4.6047997e-07    7.04362e-07        22.97%    -20.03%
         755         760       2.4422770e-06    2.10318e-06    1.7437095e-06    1.61598e-06    3.5972640e-06    2.98754e-06       -28.60%     47.29%
         760         765       5.1529017e-06    8.96076e-06    4.9143863e-07    1.73484e-05    9.7269772e-06    9.59879e-06       -90.46%     88.77%
         765         770       0.00013874878    0.000205073    7.3833507e-05    0.000108882    0.00028837682    0.000428605       -46.79%    107.84%
         770         775       6.3317523e-06    2.03284e-05   -2.8823153e-07    1.04968e-05    2.7893750e-05    5.82462e-05      -104.55%    340.54%
         775         780       1.8314066e-05    1.66537e-05    1.2669536e-05    1.13562e-05    2.7741092e-05    2.55246e-05       -30.82%     51.47%
         780         785      -1.1343476e-05    1.57162e-05   -1.7469059e-05    2.49745e-05   -8.1586439e-06    1.00262e-05        54.00%    -28.08%
         785         790      -2.6028754e-05    4.40802e-05   -7.1187816e-05    9.20023e-05   -2.2033834e-06    1.94711e-05       173.50%    -91.53%
         790         795       5.5545771e-07    3.44678e-06   -1.1886636e-07    4.98028e-06    1.1534907e-06    3.24409e-06      -121.40%    107.66%
         795         800       1.1498559e-07    2.98312e-07    9.8680707e-08    2.23885e-07    1.3604622e-07    3.73548e-07       -14.18%     18.32%
         800         805      -2.4485105e-05    2.45142e-05   -3.2621439e-05    3.26498e-05   -1.8723863e-05    1.87529e-05        33.23%    -23.53%
         805         810       1.9975784e-05    1.96904e-05    1.4776642e-05    1.52068e-05    2.7776224e-05    2.62261e-05       -26.03%     39.05%
         810         815       3.3447064e-05    3.79943e-05    2.6888258e-05    3.01725e-05    4.3049336e-05    4.95312e-05       -19.61%     28.71%
         815         820      -2.1464266e-06    9.85506e-06   -4.3630635e-06    1.38221e-05   -5.3966614e-07    6.85921e-06       103.27%    -74.86%
         820         825      -8.8003412e-07    1.19908e-06   -1.3618210e-06    1.77320e-06   -5.9537878e-07    8.49872e-07        54.75%    -32.35%
         825         830      -2.1799873e-06    2.35802e-06   -3.5004958e-06    3.72416e-06   -1.4163110e-06    1.56180e-06        60.57%    -35.03%
         830         835       2.0843583e-07    4.04408e-07    1.6546708e-07    2.90023e-07    2.6183049e-07    5.04865e-07       -20.61%     25.62%
         835         840      -9.7185060e-06    1.44427e-05   -1.3822595e-05    2.02256e-05   -7.0695545e-06    1.06405e-05        42.23%    -27.26%
         840         845       5.1632802e-06    4.22105e-06    3.4258001e-06    2.65100e-06    7.8536330e-06    6.73890e-06       -33.65%     52.11%
         845         850      -5.2829888e-06    5.61928e-06   -8.7374457e-06    9.11080e-06   -3.3537164e-06    3.65048e-06        65.39%    -36.52%
         850         855       2.6176947e-05    2.47280e-05    2.0675660e-05    1.98795e-05    3.4137804e-05    3.14442e-05       -21.02%     30.41%
         855         860       8.4567034e-07    6.24497e-07    7.7144005e-07    5.38230e-07    9.4451293e-07    7.50949e-07        -8.78%     11.69%
         860         865       6.4657122e-05    4.80030e-05    5.0467508e-05    3.84584e-05    8.5504359e-05    6.19026e-05       -21.95%     32.24%
         865         870       1.2624743e-06    1.23021e-06    6.8027883e-07    6.54434e-07    2.3937699e-06    2.41195e-06       -46.12%     89.61%
         870         875      -4.1633029e-07    4.34830e-07   -6.1825875e-07    6.28138e-07   -2.9056952e-07    3.11945e-07        48.50%    -30.21%
         875         880      -4.7115146e-07    6.58189e-07   -7.2979183e-07    8.73749e-07   -3.0962190e-07    5.19052e-07        54.90%    -34.28%
         880         885       2.8082560e-05    4.41939e-05    2.5657724e-05    4.48540e-05    3.0524241e-05    4.98803e-05        -8.63%      8.69%
         885         890       4.9256129e-07    2.09625e-06    4.2612333e-07    1.54717e-06    5.5609782e-07    2.97240e-06       -13.49%     12.90%
         890         895       4.3480618e-06    1.07030e-05    2.8649548e-06    7.32272e-06    7.0155373e-06    1.63542e-05       -34.11%     61.35%
         895         900       7.3222078e-05    6.63618e-05    4.7456006e-05    4.30709e-05    0.00011487744    0.000104422       -35.19%     56.89%
         900         905      -1.5489675e-06    2.15232e-06   -3.4146842e-06    4.22852e-06   -5.5530306e-07    1.05354e-06       120.45%    -64.15%
         905         910       2.9836797e-05    2.73678e-05    2.3965606e-05    2.21661e-05    3.8048215e-05    3.45478e-05       -19.68%     27.52%
         910         915      -2.7159141e-05    2.72594e-05   -3.4226948e-05    3.43752e-05   -2.2022083e-05    2.20948e-05        26.02%    -18.91%
         915         920       1.3096583e-05    1.42409e-05    5.6198712e-06    7.57038e-06    2.8391004e-05    2.84832e-05       -57.09%    116.78%
         920         925      -2.0276530e-06    2.90623e-06   -2.9928519e-06    4.16952e-06   -1.4018961e-06    2.08216e-06        47.60%    -30.86%
         925         930       3.5001342e-07    1.96041e-07    2.5374526e-07    1.41979e-07    5.0061572e-07    2.80494e-07       -27.50%     43.03%
         930         935       2.4782589e-07    4.15949e-07    1.4781607e-07    5.61496e-07    3.0310420e-07    3.29304e-07       -40.35%     22.31%
         935         940      -1.6159746e-06    1.59876e-06   -2.5128409e-06    2.48200e-06   -1.0825384e-06    1.07359e-06        55.50%    -33.01%
         940         945       2.1909949e-06    1.73409e-06    1.5835968e-06    1.17311e-06    3.1483906e-06    2.68476e-06       -27.72%     43.70%
         945         950       2.2152974e-05    1.72680e-05    1.5504366e-05    1.18372e-05    3.3082787e-05    2.62812e-05       -30.01%     49.34%
         950         955      -1.1772224e-05    1.17512e-05   -2.3703690e-05    2.36267e-05   -5.4329132e-06    5.43550e-06       101.35%    -53.85%
         955         960       8.8261334e-07    1.19129e-06    6.6808008e-07    8.35268e-07    1.2076941e-06    1.76428e-06       -24.31%     36.83%
         960         965      -1.9041153e-06    1.91570e-06   -3.3636384e-06    3.37588e-06   -1.0760036e-06    1.08647e-06        76.65%    -43.49%
         965         970       2.8164996e-07    2.05498e-07    2.3343650e-07    1.56032e-07    3.5658791e-07    2.85014e-07       -17.12%     26.61%
         970         975      -8.9967896e-08    8.14019e-08   -1.2752844e-07    1.17468e-07   -6.5518665e-08    5.83741e-08        41.75%    -27.18%
         975         980       2.6145524e-07    5.36394e-06    6.0777739e-08    3.00552e-06    8.4996027e-07    1.06360e-05       -76.75%    225.09%
         980         985       1.6476839e-05    1.60474e-05    1.2759094e-05    1.24121e-05    2.1813591e-05    2.12820e-05       -22.56%     32.39%
         985         990       2.9450837e-06    1.59920e-05    1.0149095e-06    1.08186e-05    7.0916939e-06    2.51821e-05       -65.54%    140.80%
         990         995       9.0167776e-07    1.06682e-06    3.3849707e-07    4.74494e-07    2.1003241e-06    2.30547e-06       -62.46%    132.94%
         995        1000       1.2014484e-06    1.85550e-06    1.0486628e-06    1.88732e-06    1.3118725e-06    1.83627e-06       -12.72%      9.19%
