#  left-edge  right-edge       scale-central  central-error        scale-min      min-error        scale-max      max-error      rel-down     rel-up
           0           5                   0              0                0              0                0              0            0%         0%
           5          10       3.4221140e-05    3.15773e-06    2.8466147e-05    2.64432e-06    4.0552222e-05    3.72129e-06       -16.82%     18.50%
          10          15       0.00042291213    3.70805e-05    0.00036860037    3.53713e-05    0.00048008600    3.84624e-05       -12.84%     13.52%
          15          20        0.0019601319    0.000219507     0.0017832544    0.000202448     0.0021240313    0.000233926        -9.02%      8.36%
          20          25        0.0073139226    0.000250339     0.0067656352    0.000235647     0.0077847214    0.000262295        -7.50%      6.44%
          25          30         0.028417341    0.000547648      0.026407365    0.000515370      0.030096459    0.000573923        -7.07%      5.91%
          30          35         0.080700215    0.000941649      0.074914410    0.000883094      0.085522820    0.000989622        -7.17%      5.98%
          35          40          0.17125565     0.00142621       0.15893780     0.00133669       0.18151455     0.00149979        -7.19%      5.99%
          40          45          0.25789034     0.00178198       0.23910246     0.00166580       0.27355270     0.00187773        -7.29%      6.07%
          45          50          0.25161764     0.00174544       0.23362159     0.00163507       0.26656401     0.00183582        -7.15%      5.94%
          50          55          0.21025497     0.00159195       0.19568422     0.00149495       0.22228192     0.00167082        -6.93%      5.72%
          55          60          0.16207228     0.00139426       0.15129638     0.00131323       0.17089891     0.00145954        -6.65%      5.45%
          60          65          0.12425356     0.00122231       0.11635703     0.00115442       0.13066807     0.00127649        -6.36%      5.16%
          65          70         0.095063295     0.00107510      0.089313682     0.00101926      0.099689845     0.00111911        -6.05%      4.87%
          70          75         0.075812614    0.000965428      0.071466748    0.000917591      0.079271628     0.00100268        -5.73%      4.56%
          75          80         0.060121199    0.000956397      0.056887773    0.000924077      0.062662958    0.000979933        -5.38%      4.23%
          80          85         0.044210539    0.000722367      0.041935335    0.000690160      0.045982025    0.000746884        -5.15%      4.01%
          85          90         0.035404215    0.000654029      0.033708922    0.000627402      0.036704765    0.000673906        -4.79%      3.67%
          90          95         0.029498013    0.000600939      0.028186725    0.000578879      0.030486587    0.000616973        -4.45%      3.35%
          95         100         0.024167545    0.000537887      0.023142670    0.000518539      0.024932068    0.000551924        -4.24%      3.16%
         100         105         0.020116135    0.000493797      0.019333434    0.000478197      0.020687865    0.000504782        -3.89%      2.84%
         105         110         0.016494905    0.000455891      0.015904106    0.000443086      0.016915340    0.000464486        -3.58%      2.55%
         110         115         0.013805108    0.000406800      0.013336906    0.000395260      0.014133638    0.000414571        -3.39%      2.38%
         115         120         0.011409780    0.000373439      0.011065902    0.000364826      0.011641359    0.000378776        -3.01%      2.03%
         120         125        0.0093930093    0.000333041     0.0091290554    0.000325722     0.0095661516    0.000337449        -2.81%      1.84%
         125         130        0.0079407698    0.000310663     0.0077493213    0.000305261     0.0080597562    0.000313615        -2.41%      1.50%
         130         135        0.0071003659    0.000294674     0.0069395013    0.000289818     0.0071965230    0.000297141        -2.27%      1.35%
         135         140        0.0059657351    0.000267285     0.0058468527    0.000263607     0.0060323056    0.000268935        -1.99%      1.12%
         140         145        0.0047900573    0.000247913     0.0047229277    0.000247697     0.0048192363    0.000246909        -1.40%      0.61%
         145         150        0.0045097603    0.000231028     0.0044352539    0.000228440     0.0045463665    0.000231904        -1.65%      0.81%
         150         155        0.0035825807    0.000202039     0.0035316310    0.000200702     0.0036042646    0.000202001        -1.42%      0.61%
         155         160        0.0027932801    0.000178182     0.0027668337    0.000177841     0.0027983874    0.000177460        -0.95%      0.18%
         160         165        0.0026166947    0.000174123     0.0026007029    0.000174115     0.0026166947    0.000174123        -0.61%   0.00000%
         165         170        0.0025975801    0.000167938     0.0025813776    0.000167590     0.0025975801    0.000167938        -0.62%   0.00000%
         170         175        0.0020647317    0.000154187     0.0020519241    0.000153784     0.0020647317    0.000154187        -0.62%   0.00000%
         175         180        0.0018735329    0.000152137     0.0018633491    0.000150590     0.0018735329    0.000152137        -0.54%   0.00000%
         180         185        0.0019237112    0.000152897     0.0019074285    0.000150547     0.0019288480    0.000154681        -0.85%      0.27%
         185         190        0.0014305955    0.000128246     0.0014181353    0.000126760     0.0014347115    0.000129127        -0.87%      0.29%
         190         195        0.0013116602    0.000124326     0.0012979464    0.000122489     0.0013178011    0.000125589        -1.05%      0.47%
         195         200        0.0013293431    0.000127861     0.0013136713    0.000125953     0.0013377891    0.000129231        -1.18%      0.64%
         200         205       0.00098322397    0.000102807    0.00096755887    0.000100298    0.00099446394    0.000105179        -1.59%      1.14%
         205         210        0.0010291339    0.000112613     0.0010153626    0.000110595     0.0010374466    0.000114184        -1.34%      0.81%
         210         215       0.00080604967    9.72682e-05    0.00079517966    9.56073e-05    0.00081272583    9.85274e-05        -1.35%      0.83%
         215         220       0.00055176430    8.11211e-05    0.00054174363    7.89261e-05    0.00055939895    8.31330e-05        -1.82%      1.38%
         220         225       0.00053904204    7.91462e-05    0.00052932384    7.73875e-05    0.00054638178    8.06320e-05        -1.80%      1.36%
         225         230       0.00074760410    9.80592e-05    0.00072665301    9.49722e-05    0.00076708263    0.000101122        -2.80%      2.61%
         230         235       0.00054264062    8.49889e-05    0.00053336374    8.31296e-05    0.00054951269    8.65771e-05        -1.71%      1.27%
         235         240       0.00068268277    0.000107516    0.00066198034    0.000103244    0.00070197538    0.000111761        -3.03%      2.83%
         240         245       0.00056668888    9.13553e-05    0.00054806468    8.76040e-05    0.00058459223    9.52013e-05        -3.29%      3.16%
         245         250       0.00045656680    7.89410e-05    0.00044259826    7.55620e-05    0.00046971879    8.24349e-05        -3.06%      2.88%
         250         255       0.00036115987    6.84381e-05    0.00034970521    6.56898e-05    0.00037207554    7.12514e-05        -3.17%      3.02%
         255         260       0.00034565139    6.50110e-05    0.00033365250    6.21774e-05    0.00035740411    6.80022e-05        -3.47%      3.40%
         260         265       0.00054393278    0.000112236    0.00052008303    0.000105072    0.00056870204    0.000120355        -4.38%      4.55%
         265         270       0.00021177158    5.05868e-05    0.00020460518    4.85019e-05    0.00021870203    5.27643e-05        -3.38%      3.27%
         270         275       0.00024902334    4.96472e-05    0.00023985269    4.75162e-05    0.00025804582    5.18482e-05        -3.68%      3.62%
         275         280       0.00026171469    5.70931e-05    0.00025130964    5.45223e-05    0.00027235222    5.98500e-05        -3.98%      4.06%
         280         285       0.00026372274    5.77366e-05    0.00025395630    5.52677e-05    0.00027335660    6.02544e-05        -3.70%      3.65%
         285         290       0.00029574959    6.54610e-05    0.00028402467    6.17562e-05    0.00030743575    6.94376e-05        -3.96%      3.95%
         290         295       0.00014694089    4.47194e-05    0.00014223365    4.25448e-05    0.00015131703    4.70182e-05        -3.20%      2.98%
         295         300       0.00018980338    4.99373e-05    0.00018255635    4.77497e-05    0.00019709672    5.22346e-05        -3.82%      3.84%
         300         305       0.00016755982    4.49339e-05    0.00016034886    4.29015e-05    0.00017487081    4.70150e-05        -4.30%      4.36%
         305         310       0.00018945360    6.81528e-05    0.00017682959    6.26075e-05    0.00020383469    7.47353e-05        -6.66%      7.59%
         310         315       0.00013160530    3.76026e-05    0.00012651473    3.60256e-05    0.00013672460    3.92327e-05        -3.87%      3.89%
         315         320       7.4136731e-05    2.61496e-05    7.0374905e-05    2.47174e-05    7.8103040e-05    2.76835e-05        -5.07%      5.35%
         320         325       0.00015688969    4.13175e-05    0.00014975190    3.93908e-05    0.00016428277    4.33329e-05        -4.55%      4.71%
         325         330       0.00014696005    4.17656e-05    0.00014183820    4.02913e-05    0.00015198048    4.32407e-05        -3.49%      3.42%
         330         335       0.00010755438    3.05295e-05    0.00010274498    2.91177e-05    0.00011253856    3.20166e-05        -4.47%      4.63%
         335         340       7.8409751e-05    3.03769e-05    7.4026115e-05    2.85426e-05    8.3235003e-05    3.24250e-05        -5.59%      6.15%
         340         345       4.7960909e-05    2.59640e-05    4.5273895e-05    2.43546e-05    5.0836174e-05    2.77158e-05        -5.60%      6.00%
         345         350       9.4685450e-05    2.95390e-05    9.0822739e-05    2.81814e-05    9.8575919e-05    3.09425e-05        -4.08%      4.11%
         350         355       6.6009947e-05    2.42647e-05    6.2911230e-05    2.31451e-05    6.9234815e-05    2.54390e-05        -4.69%      4.89%
         355         360       6.7389759e-05    2.81390e-05    6.3769516e-05    2.65953e-05    7.1237131e-05    2.97843e-05        -5.37%      5.71%
         360         365       0.00010738417    3.67014e-05    0.00010220092    3.50289e-05    0.00011283703    3.84540e-05        -4.83%      5.08%
         365         370       6.3758368e-05    2.57067e-05    6.0317172e-05    2.42226e-05    6.7448842e-05    2.73239e-05        -5.40%      5.79%
         370         375       4.0744928e-05    1.90448e-05    3.8532739e-05    1.79943e-05    4.3103413e-05    2.01678e-05        -5.43%      5.79%
         375         380       1.1128760e-05    7.17020e-06    1.0675344e-05    6.86652e-06    1.1591411e-05    7.48321e-06        -4.07%      4.16%
         380         385       5.5760982e-06    5.18963e-06    5.4446651e-06    4.99729e-06    5.6856607e-06    5.37946e-06        -2.36%      1.96%
         385         390       5.4984607e-06    5.49847e-06    5.3755604e-06    5.37557e-06    5.6015991e-06    5.60161e-06        -2.24%      1.88%
         390         395       8.1010841e-05    3.58716e-05    7.6720015e-05    3.41349e-05    8.5641198e-05    3.77285e-05        -5.30%      5.72%
         395         400       3.8620407e-05    1.97129e-05    3.6723236e-05    1.88091e-05    4.0630852e-05    2.06691e-05        -4.91%      5.21%
         400         405       3.2267661e-05    1.37759e-05    3.0320667e-05    1.29713e-05    3.4409035e-05    1.46658e-05        -6.03%      6.64%
         405         410       5.0518745e-05    2.16240e-05    4.7887265e-05    2.05120e-05    5.3299923e-05    2.27988e-05        -5.21%      5.51%
         410         415       7.3852325e-05    3.18586e-05    6.9387066e-05    2.98499e-05    7.8730580e-05    3.40759e-05        -6.05%      6.61%
         415         420       3.3748111e-05    1.73451e-05    3.1672423e-05    1.62523e-05    3.6036748e-05    1.85561e-05        -6.15%      6.78%
         420         425       2.8980786e-05    2.05066e-05    2.7095292e-05    1.91722e-05    3.1046086e-05    2.19682e-05        -6.51%      7.13%
         425         430       3.7392188e-05    2.34405e-05    3.5066850e-05    2.19246e-05    3.9935650e-05    2.51144e-05        -6.22%      6.80%
         430         435       1.1094113e-05    8.05138e-06    1.0311489e-05    7.48708e-06    1.1993663e-05    8.69805e-06        -7.05%      8.11%
         435         440       6.2923685e-05    3.88607e-05    5.7816567e-05    3.52399e-05    6.8802374e-05    4.31228e-05        -8.12%      9.34%
         440         445       1.6476398e-05    1.22711e-05    1.5735918e-05    1.17159e-05    1.7242272e-05    1.28433e-05        -4.49%      4.65%
         445         450       1.3055851e-05    1.30559e-05    1.2452005e-05    1.24520e-05    1.3685280e-05    1.36853e-05        -4.63%      4.82%
         450         455       5.7168196e-05    3.60955e-05    5.3754388e-05    3.39364e-05    6.0918008e-05    3.84664e-05        -5.97%      6.56%
         455         460       2.7530113e-05    2.10638e-05    2.5208669e-05    1.92865e-05    3.0228075e-05    2.31192e-05        -8.43%      9.80%
         460         465       1.0942498e-05    1.09425e-05    9.8407284e-06    9.84075e-06    1.2272142e-05    1.22722e-05       -10.07%     12.15%
         465         470       1.0065029e-05    7.20614e-06    9.3916539e-06    6.73107e-06    1.0808043e-05    7.72960e-06        -6.69%      7.38%
         470         475       2.6494006e-08    2.64940e-08    2.3274853e-08    2.32749e-08    2.9773406e-08    2.97734e-08       -12.15%     12.38%
         475         480                   0              0                0              0                0              0            0%         0%
         480         485       8.5601110e-06    8.55486e-06    8.0599616e-06    8.05405e-06    9.1062707e-06    9.10167e-06        -5.84%      6.38%
         485         490       4.4963168e-08    4.49633e-08    3.5440509e-08    3.54406e-08    5.8384708e-08    5.83848e-08       -21.18%     29.85%
         490         495       3.4082428e-05    1.89447e-05    3.1615801e-05    1.75173e-05    3.6881051e-05    2.05794e-05        -7.24%      8.21%
         495         500       1.0936465e-06    1.09365e-06    1.0006710e-06    1.00067e-06    1.2007079e-06    1.20071e-06        -8.50%      9.79%
         500         505       1.6606864e-05    1.22178e-05    1.5186985e-05    1.11397e-05    1.8263049e-05    1.34835e-05        -8.55%      9.97%
         505         510       1.9789843e-05    1.39938e-05    1.8020292e-05    1.27457e-05    2.1861499e-05    1.54554e-05        -8.94%     10.47%
         510         515       1.5761554e-05    1.57616e-05    1.4823280e-05    1.48233e-05    1.6789457e-05    1.67895e-05        -5.95%      6.52%
         515         520       5.7255946e-06    5.72561e-06    5.4365614e-06    5.43657e-06    6.0334847e-06    6.03350e-06        -5.05%      5.38%
         520         525       1.7089563e-05    1.63209e-05    1.5159147e-05    1.42821e-05    1.9482993e-05    1.88652e-05       -11.30%     14.01%
         525         530       1.5314913e-05    1.12151e-05    1.4263092e-05    1.05294e-05    1.6497646e-05    1.19721e-05        -6.87%      7.72%
         530         535                   0              0                0              0                0              0            0%         0%
         535         540       3.7374931e-05    3.73750e-05    3.4234687e-05    3.42348e-05    4.1032429e-05    4.10325e-05        -8.40%      9.79%
         540         545       1.0802425e-06    1.08025e-06    1.0070528e-06    1.00706e-06    1.1600694e-06    1.16007e-06        -6.78%      7.39%
         545         550       3.1958672e-05    1.87551e-05    2.9802200e-05    1.75183e-05    3.4362978e-05    2.01344e-05        -6.75%      7.52%
         550         555                   0              0                0              0                0              0            0%         0%
         555         560       1.1750488e-06    1.17505e-06    1.0091418e-06    1.00914e-06    1.3861053e-06    1.38611e-06       -14.12%     17.96%
         560         565       2.4689766e-05    1.89360e-05    2.2195973e-05    1.70290e-05    2.7674261e-05    2.12173e-05       -10.10%     12.09%
         565         570                   0              0                0              0                0              0            0%         0%
         570         575       8.2976017e-06    8.29762e-06    7.4963661e-06    7.49639e-06    9.2545302e-06    9.25455e-06        -9.66%     11.53%
         575         580                   0              0                0              0                0              0            0%         0%
         580         585                   0              0                0              0                0              0            0%         0%
         585         590                   0              0                0              0                0              0            0%         0%
         590         595       6.1532932e-06    6.15331e-06    5.4623138e-06    5.46233e-06    6.9926574e-06    6.99268e-06       -11.23%     13.64%
         595         600       8.1878817e-06    8.18790e-06    7.5102641e-06    7.51028e-06    8.9592683e-06    8.95929e-06        -8.28%      9.42%
         600         605                   0              0                0              0                0              0            0%         0%
         605         610       2.3088682e-07    2.30888e-07    1.8570842e-07    1.85709e-07    2.6338567e-07    2.63386e-07       -19.57%     14.08%
         610         615       1.3204808e-05    1.32048e-05    1.1799535e-05    1.17996e-05    1.4903419e-05    1.49035e-05       -10.64%     12.86%
         615         620      -1.7749872e-14    1.77499e-14   -2.0650231e-14    2.06503e-14   -1.4580073e-14    1.45801e-14        16.34%    -17.86%
         620         625       9.1345035e-06    9.13752e-06    8.4033902e-06    8.40560e-06    9.9719255e-06    9.97618e-06        -8.00%      9.17%
         625         630                   0              0                0              0                0              0            0%         0%
         630         635       2.1118956e-10    2.11190e-10    1.4277044e-10    1.42771e-10    3.2459243e-10    3.24593e-10       -32.40%     53.70%
         635         640                   0              0                0              0                0              0            0%         0%
         640         645                   0              0                0              0                0              0            0%         0%
         645         650                   0              0                0              0                0              0            0%         0%
         650         655                   0              0                0              0                0              0            0%         0%
         655         660                   0              0                0              0                0              0            0%         0%
         660         665       1.6004507e-05    1.13237e-05    1.4502977e-05    1.02556e-05    1.7793299e-05    1.26071e-05        -9.38%     11.18%
         665         670                   0              0                0              0                0              0            0%         0%
         670         675                   0              0                0              0                0              0            0%         0%
         675         680       7.9845165e-06    7.98453e-06    7.4148627e-06    7.41488e-06    8.6219723e-06    8.62199e-06        -7.13%      7.98%
         680         685                   0              0                0              0                0              0            0%         0%
         685         690                   0              0                0              0                0              0            0%         0%
         690         695                   0              0                0              0                0              0            0%         0%
         695         700                   0              0                0              0                0              0            0%         0%
         700         705                   0              0                0              0                0              0            0%         0%
         705         710                   0              0                0              0                0              0            0%         0%
         710         715                   0              0                0              0                0              0            0%         0%
         715         720                   0              0                0              0                0              0            0%         0%
         720         725                   0              0                0              0                0              0            0%         0%
         725         730       8.3395566e-06    8.33957e-06    7.5062785e-06    7.50629e-06    9.3314881e-06    9.33151e-06        -9.99%     11.89%
         730         735                   0              0                0              0                0              0            0%         0%
         735         740       8.6134563e-06    8.61348e-06    7.6900669e-06    7.69009e-06    9.7341625e-06    9.73419e-06       -10.72%     13.01%
         740         745       1.2847122e-05    1.28472e-05    1.1631209e-05    1.16312e-05    1.4294187e-05    1.42942e-05        -9.46%     11.26%
         745         750                   0              0                0              0                0              0            0%         0%
         750         755       1.3238139e-05    1.32382e-05    1.1794818e-05    1.17948e-05    1.4981067e-05    1.49811e-05       -10.90%     13.17%
         755         760                   0              0                0              0                0              0            0%         0%
         760         765                   0              0                0              0                0              0            0%         0%
         765         770                   0              0                0              0                0              0            0%         0%
         770         775                   0              0                0              0                0              0            0%         0%
         775         780                   0              0                0              0                0              0            0%         0%
         780         785                   0              0                0              0                0              0            0%         0%
         785         790                   0              0                0              0                0              0            0%         0%
         790         795                   0              0                0              0                0              0            0%         0%
         795         800                   0              0                0              0                0              0            0%         0%
         800         805                   0              0                0              0                0              0            0%         0%
         805         810                   0              0                0              0                0              0            0%         0%
         810         815                   0              0                0              0                0              0            0%         0%
         815         820                   0              0                0              0                0              0            0%         0%
         820         825                   0              0                0              0                0              0            0%         0%
         825         830                   0              0                0              0                0              0            0%         0%
         830         835                   0              0                0              0                0              0            0%         0%
         835         840                   0              0                0              0                0              0            0%         0%
         840         845                   0              0                0              0                0              0            0%         0%
         845         850                   0              0                0              0                0              0            0%         0%
         850         855                   0              0                0              0                0              0            0%         0%
         855         860                   0              0                0              0                0              0            0%         0%
         860         865                   0              0                0              0                0              0            0%         0%
         865         870                   0              0                0              0                0              0            0%         0%
         870         875                   0              0                0              0                0              0            0%         0%
         875         880       8.8155382e-06    8.81556e-06    7.8471250e-06    7.84714e-06    9.9911106e-06    9.99113e-06       -10.99%     13.34%
         880         885                   0              0                0              0                0              0            0%         0%
         885         890                   0              0                0              0                0              0            0%         0%
         890         895                   0              0                0              0                0              0            0%         0%
         895         900                   0              0                0              0                0              0            0%         0%
         900         905                   0              0                0              0                0              0            0%         0%
         905         910                   0              0                0              0                0              0            0%         0%
         910         915                   0              0                0              0                0              0            0%         0%
         915         920                   0              0                0              0                0              0            0%         0%
         920         925                   0              0                0              0                0              0            0%         0%
         925         930                   0              0                0              0                0              0            0%         0%
         930         935                   0              0                0              0                0              0            0%         0%
         935         940                   0              0                0              0                0              0            0%         0%
         940         945                   0              0                0              0                0              0            0%         0%
         945         950                   0              0                0              0                0              0            0%         0%
         950         955                   0              0                0              0                0              0            0%         0%
         955         960                   0              0                0              0                0              0            0%         0%
         960         965                   0              0                0              0                0              0            0%         0%
         965         970                   0              0                0              0                0              0            0%         0%
         970         975                   0              0                0              0                0              0            0%         0%
         975         980                   0              0                0              0                0              0            0%         0%
         980         985                   0              0                0              0                0              0            0%         0%
         985         990                   0              0                0              0                0              0            0%         0%
         990         995                   0              0                0              0                0              0            0%         0%
         995        1000                   0              0                0              0                0              0            0%         0%
