#  left-edge  right-edge       scale-central  central-error        scale-min      min-error        scale-max      max-error      rel-down     rel-up
           0           5           1.9851505       0.118624        1.9492724      0.0967656        2.0018963       0.118447        -1.81%      0.84%
           5          10           3.0319443      0.0836832        2.9646107      0.0749390        3.0602201      0.0974666        -2.22%      0.93%
          10          15           2.6664450      0.0715742        2.6080201      0.0660299        2.7113256      0.0854603        -2.19%      1.68%
          15          20           2.6043061      0.0748097        2.5563281      0.0698559        2.6303348      0.0795616        -1.84%       1.0%
          20          25           2.6044547      0.0903482        2.5708591      0.0827639        2.6278124       0.104111        -1.29%      0.90%
          25          30           2.7850720      0.0893863        2.7462428      0.0812399        2.8050738      0.0969352        -1.39%      0.72%
          30          35           2.4041218      0.0733269        2.3700628      0.0867286        2.4318882      0.0686090        -1.42%      1.15%
          35          40           2.4121738      0.0818033        2.3847879      0.0795278        2.4278222      0.0732708        -1.14%      0.65%
          40          45           1.9137814      0.0626252        1.8968300      0.0581596        1.9220325      0.0580268        -0.89%      0.43%
          45          50           1.2097219      0.0522547        1.1887953      0.0505289        1.2229119      0.0538704        -1.73%      1.09%
          50          55          0.80650791      0.0467440       0.78592063      0.0439745       0.82723651      0.0506277        -2.55%      2.57%
          55          60          0.58952910      0.0241773       0.57492241      0.0209794       0.60426621      0.0288782        -2.48%      2.50%
          60          65          0.43982451      0.0227994       0.43137067      0.0202642       0.44896624      0.0260769        -1.92%      2.08%
          65          70          0.32529651      0.0194824       0.31835735      0.0173792       0.33174911      0.0225634        -2.13%      1.98%
          70          75          0.28780542      0.0177842       0.27703119      0.0153325       0.30022769      0.0212781        -3.74%      4.32%
          75          80          0.18978188      0.0138332       0.18545672      0.0166032       0.19302484      0.0119235        -2.28%      1.71%
          80          85          0.18464292      0.0141935       0.17815878      0.0121525       0.19190457      0.0170861        -3.51%      3.93%
          85          90          0.15539886      0.0141579       0.14920434      0.0120687       0.16320205      0.0167384        -3.99%      5.02%
          90          95          0.11911616      0.0135533       0.11438634      0.0119946       0.12468136      0.0157514        -3.97%      4.67%
          95         100         0.095797119      0.0127663      0.091851650      0.0115471       0.10034402      0.0144550        -4.12%      4.75%
         100         105         0.075206318     0.00933898      0.071889949     0.00809142      0.079893456      0.0110571        -4.41%      6.23%
         105         110         0.088595628      0.0107904      0.082884828     0.00939391      0.096484383      0.0127807        -6.45%      8.90%
         110         115         0.039116683     0.00628936      0.038095695     0.00718394      0.039622230     0.00574807        -2.61%      1.29%
         115         120         0.045437241     0.00643260      0.044273659     0.00554967      0.046550439     0.00767799        -2.56%      2.45%
         120         125         0.051756986     0.00629160      0.047959735     0.00548592      0.056671499     0.00741702        -7.34%      9.50%
         125         130         0.027512209     0.00515195      0.026701041     0.00634028      0.028099688     0.00516725        -2.95%      2.14%
         130         135         0.027517615     0.00504228      0.026587785     0.00436858      0.028738970     0.00598527        -3.38%      4.44%
         135         140         0.040390158      0.0109940      0.038094257     0.00986232      0.043176619      0.0122938        -5.68%      6.90%
         140         145        0.0084704675      0.0112785     0.0080109309      0.0113774     0.0092862374      0.0111007        -5.43%      9.63%
         145         150         0.023154374     0.00565173      0.021868543     0.00493023      0.024720405     0.00664791        -5.55%      6.76%
         150         155         0.018805032     0.00312044      0.018147863     0.00264418      0.019647253     0.00386341        -3.49%      4.48%
         155         160         0.020170964     0.00356130      0.018905583     0.00309743      0.021691817     0.00421002        -6.27%      7.54%
         160         165         0.011340230     0.00274225      0.010558814     0.00239735      0.012281450     0.00322709        -6.89%      8.30%
         165         170        0.0083043173     0.00315512     0.0066481968     0.00406095     0.0092720308     0.00254266       -19.94%     11.65%
         170         175         0.012978199     0.00254224      0.011987148     0.00204731      0.014327277     0.00327241        -7.64%     10.39%
         175         180        0.0089693877     0.00188844     0.0085236194     0.00161366     0.0094669723     0.00228544        -4.97%      5.55%
         180         185        0.0059528342     0.00237304     0.0049113939     0.00319091     0.0065771350     0.00188064       -17.49%     10.49%
         185         190        0.0063703636     0.00176678     0.0061816070     0.00153819     0.0065521681     0.00210353        -2.96%      2.85%
         190         195        0.0050883412     0.00183101     0.0048876627     0.00155660     0.0053314475     0.00226944        -3.94%      4.78%
         195         200        0.0077689926     0.00172134     0.0073474580     0.00145242     0.0082761891     0.00211346        -5.43%      6.53%
         200         205        0.0083725577     0.00328368     0.0081628860     0.00291832     0.0085392592     0.00380069        -2.50%      1.99%
         205         210        0.0028910749     0.00216362     0.0024968077     0.00250722     0.0031320764     0.00192502       -13.64%      8.34%
         210         215        0.0050939555     0.00144431     0.0044786151     0.00119727     0.0059229990     0.00179567       -12.08%     16.28%
         215         220        0.0015730093     0.00145876     0.0014058776     0.00143409     0.0016662744     0.00147668       -10.62%      5.93%
         220         225        0.0043495300     0.00175073     0.0041866422     0.00147993     0.0045257983     0.00213590        -3.74%      4.05%
         225         230        0.0026232117     0.00100261     0.0024008317    0.000827814     0.0029106464     0.00125531        -8.48%     10.96%
         230         235        0.0031995793     0.00123106     0.0029757379     0.00102320     0.0034889804     0.00152725        -7.00%      9.04%
         235         240        0.0045356058     0.00208420     0.0042260418     0.00181065     0.0048471366     0.00246531        -6.83%      6.87%
         240         245        0.0013263154     0.00259558     0.0011401537     0.00219789     0.0015867516     0.00315695       -14.04%     19.64%
         245         250        0.0030492057     0.00112848     0.0028258309    0.000984976     0.0033298446     0.00132577        -7.33%      9.20%
         250         255        0.0031451554     0.00215653     0.0026981390     0.00174628     0.0037921954     0.00272336       -14.21%     20.57%
         255         260       0.00087737808     0.00189490    0.00067182335     0.00236250     0.0010118387     0.00155851       -23.43%     15.33%
         260         265        0.0024970163    0.000735357     0.0023731489    0.000593379     0.0026312406    0.000953821        -4.96%      5.38%
         265         270       0.00084043775    0.000605472    0.00065138548    0.000767956    0.00095222211    0.000503969       -22.49%     13.30%
         270         275        0.0016992145    0.000840053     0.0015215558     0.00106171     0.0017978005    0.000694667       -10.46%      5.80%
         275         280        0.0010398761    0.000546012    0.00094808435    0.000685328     0.0011021313    0.000536070        -8.83%      5.99%
         280         285        0.0012092076    0.000496414     0.0011218259    0.000417934     0.0013183256    0.000613283        -7.23%      9.02%
         285         290        0.0010498411    0.000833963    0.00094364491     0.00112508     0.0011113299    0.000634194       -10.12%      5.86%
         290         295        0.0010309639    0.000644949    0.00099476019    0.000516425     0.0010721070    0.000839626        -3.51%      3.99%
         295         300        0.0011009947    0.000501378     0.0010244857    0.000413766     0.0011838352    0.000627244        -6.95%      7.52%
         300         305        0.0020793089    0.000886188     0.0017803300    0.000705212     0.0024842670     0.00115043       -14.38%     19.48%
         305         310      -9.0817588e-05    0.000391383   -0.00022404269    0.000557943    9.5903902e-07    0.000296994       146.70%   -101.06%
         310         315        0.0011788074     0.00114574     0.0010943292    0.000874070     0.0012635162     0.00154556        -7.17%      7.19%
         315         320       0.00052282707    0.000476885    0.00047148794    0.000370444    0.00057295364    0.000642796        -9.82%      9.59%
         320         325        0.0026932808     0.00231472     0.0023400917     0.00204459     0.0031555660     0.00265485       -13.11%     17.16%
         325         330      -0.00025784487     0.00172619   -0.00028148196     0.00170004   -0.00022026110     0.00174561         9.17%    -14.58%
         330         335      -0.00013298666    0.000304653   -0.00037288160    0.000427367    2.0891939e-05    0.000226054       180.39%   -115.71%
         335         340       0.00052634484    0.000391604    0.00049595689    0.000481879    0.00054333266    0.000434189        -5.77%      3.23%
         340         345      -0.00012777258    0.000937606   -0.00041322810     0.00125606    4.9697613e-05    0.000732989       223.41%   -138.90%
         345         350       0.00031337580    0.000721483    0.00025289713    0.000866323    0.00035144896    0.000706249       -19.30%     12.15%
         350         355        0.0021438179     0.00293857     0.0015445923     0.00315632     0.0025084557     0.00287293       -27.95%     17.01%
         355         360        0.0012093071     0.00229743    0.00085265518     0.00176630     0.0017231733     0.00307524       -29.49%     42.49%
         360         365       0.00015653005    0.000638017    5.8565408e-05    0.000875701    0.00020560662    0.000477351       -62.59%     31.35%
         365         370       -0.0011656833     0.00236152    -0.0015047915     0.00316246   -0.00091926652     0.00180971        29.09%    -21.14%
         370         375       0.00047521852    0.000516056    0.00037728009    0.000373584    0.00061928117    0.000740806       -20.61%     30.32%
         375         380       0.00032533864    0.000410387    0.00024383139    0.000439945    0.00040768242    0.000391664       -25.05%     25.31%
         380         385       0.00033386977     0.00111072    0.00022186360     0.00145881    0.00040572357    0.000865771       -33.55%     21.52%
         385         390       0.00011136456    0.000518465    4.7966068e-05    0.000660652    0.00015234320    0.000419892       -56.93%     36.80%
         390         395       0.00030006065    0.000439486    0.00025879151    0.000349204    0.00035890666    0.000569110       -13.75%     19.61%
         395         400       0.00022366622    0.000364571    0.00019025325    0.000288911    0.00026882762    0.000475843       -14.94%     20.19%
         400         405       8.4667016e-05    0.000167475    6.5520988e-05    0.000137775    0.00010453903    0.000200186       -22.61%     23.47%
         405         410       0.00071048815    0.000292593    0.00054351155    0.000213903    0.00096533307    0.000422834       -23.50%     35.87%
         410         415      -0.00015595095    0.000432495   -0.00021535353    0.000560993   -0.00011483659    0.000341491        38.09%    -26.36%
         415         420       7.2952262e-05    0.000247492    4.4717082e-05    0.000308830    9.2783089e-05    0.000269355       -38.70%     27.18%
         420         425       0.00029215976    0.000251566    0.00024112416    0.000200704    0.00036278963    0.000326539       -17.47%     24.18%
         425         430      -0.00013917535    0.000200653   -0.00022776594    0.000305830   -8.0731702e-05    0.000132987        63.65%    -41.99%
         430         435       0.00016676025    0.000315272    0.00010900011    0.000427079    0.00019625129    0.000241407       -34.64%     17.68%
         435         440       0.00012540610    0.000135129    0.00011468691    0.000107261    0.00013940078    0.000179615        -8.55%     11.16%
         440         445       0.00017328204    0.000116225    0.00012955295    8.32416e-05    0.00024401429    0.000174344       -25.24%     40.82%
         445         450       0.00038066030    0.000185739    0.00034341788    0.000153338    0.00042374333    0.000234656        -9.78%     11.32%
         450         455      -4.4647365e-05    0.000269746   -7.3482060e-05    0.000247852   -1.0866938e-05    0.000296448        64.58%    -75.66%
         455         460      -0.00078849398     0.00133823    -0.0011946109     0.00196472   -0.00054669767    0.000957361        51.51%    -30.67%
         460         465       0.00051628209    0.000219132    0.00040307794    0.000170724    0.00068206807    0.000303079       -21.93%     32.11%
         465         470       0.00036760541    0.000275135    0.00033993771    0.000244911    0.00039313902    0.000311117        -7.53%      6.95%
         470         475       0.00019320856    0.000162986    0.00017968331    0.000139277    0.00020831023    0.000193710        -7.00%      7.82%
         475         480      -4.7694637e-06    0.000166301   -5.7030074e-05    0.000213868    2.8113136e-05    0.000135703      1095.73%   -689.44%
         480         485      -5.9450710e-05    0.000111165   -0.00014461278    0.000172292   -7.2790255e-06    7.43982e-05       143.25%    -87.76%
         485         490       0.00033298723    0.000210916    0.00024054439    0.000146507    0.00047158765    0.000316495       -27.76%     41.62%
         490         495       0.00020030365    0.000190306    0.00016281347    0.000147575    0.00025141524    0.000254529       -18.72%     25.52%
         495         500       3.2724603e-05    0.000100065    6.4049063e-06    6.63168e-05    7.7646373e-05    0.000164378       -80.43%    137.27%
         500         505       0.00019483945    0.000411572    0.00016443645    0.000300578    0.00023627068    0.000581724       -15.60%     21.26%
         505         510      -8.9426244e-07    5.01425e-05   -4.7051390e-06    6.48415e-05    3.8680845e-06    6.66008e-05       426.15%   -532.54%
         510         515       0.00017121901    0.000185964    0.00014952489    0.000155891    0.00019850561    0.000226882       -12.67%     15.94%
         515         520       7.3044765e-05    0.000131541    4.4345009e-05    0.000106047    0.00011646598    0.000172311       -39.29%     59.44%
         520         525       0.00079478808    0.000368622    0.00064259440    0.000308874     0.0010131319    0.000454307       -19.15%     27.47%
         525         530      -0.00014484221    0.000237936   -0.00017128970    0.000290030   -0.00012213761    0.000198471        18.26%    -15.68%
         530         535      -1.1733823e-05    5.83228e-05   -1.6405059e-05    7.01977e-05   -8.3725049e-06    4.98060e-05        39.81%    -28.65%
         535         540       0.00042214986    0.000177120    0.00033506577    0.000141464    0.00054797321    0.000230775       -20.63%     29.81%
         540         545       4.6595567e-05    0.000156197    4.0364309e-05    0.000119865    5.4181815e-05    0.000210085       -13.37%     16.28%
         545         550      -6.2844232e-06    1.83362e-05   -1.0739000e-05    2.53184e-05   -3.1510410e-06    1.38444e-05        70.88%    -49.86%
         550         555       0.00019934842    0.000135195    0.00015315395    9.43000e-05    0.00026635455    0.000197750       -23.17%     33.61%
         555         560      -4.5518659e-05    0.000110946   -8.6026359e-05    0.000176923   -1.1037584e-05    6.92612e-05        88.99%    -75.75%
         560         565       2.3646422e-05    0.000109908   -7.9513342e-06    0.000103625    6.0970763e-05    0.000124897      -133.63%    157.84%
         565         570       6.6958369e-05    4.39204e-05    4.9926577e-05    3.19792e-05    9.5248693e-05    6.40934e-05       -25.44%     42.25%
         570         575       0.00016186837    8.64260e-05    0.00012484877    6.64107e-05    0.00021616848    0.000116648       -22.87%     33.55%
         575         580      -0.00017198796    0.000371474   -0.00021894274    0.000557464   -0.00013832228    0.000262309        27.30%    -19.57%
         580         585       0.00011297900    4.51546e-05    8.8604479e-05    5.29344e-05    0.00013567047    5.77171e-05       -21.57%     20.08%
         585         590       8.0314872e-05    8.25169e-05    6.0765213e-05    5.40035e-05    0.00010648964    0.000127914       -24.34%     32.59%
         590         595      -1.3503515e-05    0.000119066   -1.8784235e-05    0.000165706   -1.0034908e-05    8.84741e-05        39.11%    -25.69%
         595         600       1.3677233e-05    1.46298e-05    1.1488579e-05    1.16046e-05    1.7037993e-05    1.95356e-05       -16.00%     24.57%
         600         605       4.2412524e-05    6.17919e-05    3.3560411e-05    8.62656e-05    4.5492559e-05    5.18638e-05       -20.87%      7.26%
         605         610      -3.6525688e-05    7.93852e-05   -6.2672920e-05    0.000108979   -2.0226213e-05    6.05647e-05        71.59%    -44.62%
         610         615       8.7646716e-05    3.68395e-05    7.7679590e-05    2.92130e-05    9.9038874e-05    4.93769e-05       -11.37%     13.00%
         615         620       0.00012359607    9.34011e-05    9.8280861e-05    6.90396e-05    0.00015917908    0.000135738       -20.48%     28.79%
         620         625      -1.2371628e-06    1.67805e-05   -4.7048941e-06    3.40583e-05    4.0176253e-06    3.50457e-05       280.30%   -424.75%
         625         630      -1.6707721e-05    3.02316e-05   -3.9200711e-05    4.91122e-05   -3.1273589e-06    1.96020e-05       134.63%    -81.28%
         630         635      -8.1555597e-06    3.67021e-05   -1.2317197e-05    5.24249e-05   -5.7363001e-06    2.68793e-05        51.03%    -29.66%
         635         640      -2.9325472e-05    5.82987e-05   -3.6437254e-05    7.89327e-05   -2.3899637e-05    4.50874e-05        24.25%    -18.50%
         640         645       6.2169084e-05    6.41995e-05    5.1156772e-05    4.91973e-05    7.8759893e-05    8.69267e-05       -17.71%     26.69%
         645         650       3.2232577e-05    3.28310e-05    2.8579835e-05    2.92165e-05    3.7354282e-05    3.76011e-05       -11.33%     15.89%
         650         655       0.00012010701    6.15115e-05    8.8058278e-05    4.53430e-05    0.00016958347    8.77087e-05       -26.68%     41.19%
         655         660       2.9328968e-05    1.78138e-05    2.3488583e-05    1.34364e-05    3.8163469e-05    2.46123e-05       -19.91%     30.12%
         660         665       3.6258760e-05    2.80611e-05    3.2337721e-05    2.09431e-05    4.1153511e-05    4.05577e-05       -10.81%     13.50%
         665         670       1.3830715e-05    4.42494e-05    1.2020831e-05    6.03344e-05    1.4264660e-05    4.04398e-05       -13.09%      3.14%
         670         675       6.7043449e-05    4.50925e-05    5.4237280e-05    3.60543e-05    8.4433629e-05    5.76472e-05       -19.10%     25.94%
         675         680       4.8114018e-05    2.25621e-05    4.3281811e-05    1.67322e-05    5.2091031e-05    2.57731e-05       -10.04%      8.27%
         680         685       0.00010234621    6.74445e-05    7.9242124e-05    5.15961e-05    0.00013774501    9.22434e-05       -22.57%     34.59%
         685         690       3.7558308e-06    1.20935e-05    8.0392739e-07    1.69764e-05    5.5779018e-06    9.01130e-06       -78.60%     48.51%
         690         695      -2.1420213e-05    4.91164e-05   -5.5882512e-05    9.66399e-05   -1.8451444e-06    2.19710e-05       160.89%    -91.39%
         695         700       7.8267896e-05    3.97101e-05    6.3243503e-05    3.05623e-05    9.8686907e-05    5.52107e-05       -19.20%     26.09%
         700         705       3.8276584e-05    7.00924e-05    2.5017961e-05    5.07743e-05    5.9651912e-05    0.000100298       -34.64%     55.84%
         705         710       1.9672330e-05    2.23669e-05    1.5877305e-05    1.65650e-05    2.4999848e-05    3.16867e-05       -19.29%     27.08%
         710         715       3.0166533e-06    3.77339e-05    1.9588805e-06    2.78318e-05    4.8635405e-06    5.23422e-05       -35.06%     61.22%
         715         720       5.8502177e-05    2.10437e-05    4.8137039e-05    1.53598e-05    7.2391386e-05    3.07811e-05       -17.72%     23.74%
         720         725      -7.5345244e-05    5.48343e-05   -0.00011350481    7.75408e-05   -5.1884953e-05    4.19139e-05        50.65%    -31.14%
         725         730       7.2016725e-05    4.93540e-05    5.9808334e-05    4.07210e-05    8.8437383e-05    6.10240e-05       -16.95%     22.80%
         730         735       5.4179664e-05    3.50998e-05    3.8886531e-05    2.50073e-05    7.9234172e-05    5.18376e-05       -28.23%     46.24%
         735         740       2.2220592e-05    1.53934e-05    1.7751836e-05    1.20485e-05    2.8541763e-05    2.02521e-05       -20.11%     28.45%
         740         745      -6.9628449e-06    1.72459e-05   -1.1026900e-05    2.34913e-05   -4.6119650e-06    1.51587e-05        58.37%    -33.76%
         745         750      -1.3648590e-05    4.50142e-05   -5.6862011e-05    8.60533e-05    8.8823954e-06    2.38631e-05       316.61%   -165.08%
         750         755       2.8709785e-05    4.04436e-05    1.9663703e-05    2.75994e-05    4.2731088e-05    6.14429e-05       -31.51%     48.84%
         755         760       2.5723211e-05    1.54539e-05    1.8945518e-05    1.03835e-05    3.7008834e-05    2.43713e-05       -26.35%     43.87%
         760         765       2.5202378e-06    8.89493e-06    1.7539784e-06    6.97509e-06    3.8957854e-06    1.17004e-05       -30.40%     54.58%
         765         770       2.5806651e-06    8.52947e-06   -3.0856873e-06    1.44397e-05    5.3575977e-06    7.08322e-06      -219.57%    107.61%
         770         775       1.4535790e-05    1.41968e-05    1.1991382e-05    9.80892e-06    1.7508917e-05    2.16098e-05       -17.50%     20.45%
         775         780      -2.4337006e-06    5.15899e-06   -1.1907187e-05    1.49552e-05    2.9686116e-06    1.98214e-06       389.26%   -221.98%
         780         785      -2.1224434e-05    4.77335e-05   -2.5171320e-05    5.77398e-05   -1.7968063e-05    3.98763e-05        18.60%    -15.34%
         785         790       3.4039989e-05    1.29432e-05    2.2428848e-05    7.94105e-06    5.3202196e-05    2.19124e-05       -34.11%     56.29%
         790         795       0.00026497896    0.000237813    0.00020346864    0.000187597    0.00035326402    0.000308289       -23.21%     33.32%
         795         800      -0.00024638745    0.000255000   -0.00031512039    0.000327045   -0.00019619688    0.000202700        27.90%    -20.37%
         800         805       8.4095696e-07    2.17737e-05   -4.2403060e-06    3.20216e-05    3.2455754e-06    1.54856e-05      -604.22%    285.94%
         805         810       3.0352236e-05    2.32040e-05    2.0417422e-05    1.59830e-05    4.6400264e-05    3.47381e-05       -32.73%     52.87%
         810         815      -1.8517267e-05    1.92392e-05   -2.3823134e-05    2.53451e-05   -1.4748642e-05    1.50188e-05        28.65%    -20.35%
         815         820       0.00058506170    0.000575466    0.00047792673    0.000469845    0.00073002432    0.000718037       -18.31%     24.78%
         820         825      -0.00014668140    0.000511110   -0.00019496176    0.000624271   -0.00011275798    0.000424897        32.92%    -23.13%
         825         830       2.3758740e-05    1.91422e-05    1.7710447e-05    1.47458e-05    3.2622955e-05    2.57516e-05       -25.46%     37.31%
         830         835       1.0978596e-05    2.97826e-05    8.5418580e-06    2.33012e-05    1.4844954e-05    3.92029e-05       -22.20%     35.22%
         835         840       7.1158269e-05    5.95840e-05    4.7800298e-05    3.90072e-05    0.00010861061    9.26609e-05       -32.83%     52.63%
         840         845       8.5072831e-06    1.40774e-05    7.8371925e-06    1.07255e-05    9.2234633e-06    1.94025e-05        -7.88%      8.42%
         845         850      -6.8246274e-06    1.80003e-05   -1.4866516e-05    2.22272e-05    3.6613074e-06    1.89519e-05       117.84%   -153.65%
         850         855      -4.5616121e-06    1.03055e-05   -5.6027728e-06    1.16076e-05   -3.6629865e-06    9.25132e-06        22.82%    -19.70%
         855         860       5.9434366e-06    5.84361e-06    4.9817315e-06    3.77039e-06    7.1939206e-06    9.62651e-06       -16.18%     21.04%
         860         865       1.7740116e-05    1.33815e-05    1.5029554e-05    1.05004e-05    2.1158955e-05    1.76468e-05       -15.28%     19.27%
         865         870      -0.00022564854    0.000293571   -0.00036954806    0.000451922   -0.00013773259    0.000195871        63.77%    -38.96%
         870         875      -4.3795718e-05    5.70948e-05   -6.4150968e-05    8.55798e-05   -3.0999993e-05    3.94818e-05        46.48%    -29.22%
         875         880       9.6841637e-06    2.88984e-05    8.3241785e-07    4.38561e-05    1.6677597e-05    2.60114e-05       -91.40%     72.22%
         880         885      -1.1276968e-06    7.11047e-06   -1.9256945e-06    9.30411e-06   -5.5301878e-07    6.20589e-06        70.76%    -50.96%
         885         890       6.4199073e-07    1.34309e-05   -1.7489032e-06    2.09042e-05    1.8055318e-06    8.96481e-06      -372.42%    181.24%
         890         895       1.6883198e-05    1.03212e-05    1.4254505e-05    8.51250e-06    2.0355210e-05    1.27862e-05       -15.57%     20.56%
         895         900       2.9277016e-05    2.97336e-05    1.8872282e-05    1.92546e-05    4.6568517e-05    4.70407e-05       -35.54%     59.06%
         900         905       1.3544259e-05    9.30789e-06    9.7943286e-06    6.18862e-06    1.9466634e-05    1.48442e-05       -27.69%     43.73%
         905         910      -5.0776203e-06    4.02102e-06   -7.4924100e-06    5.23699e-06   -3.4791788e-06    3.21005e-06        47.56%    -31.48%
         910         915       1.2831454e-05    1.25841e-05    1.0226970e-05    9.22126e-06    1.6952603e-05    1.81765e-05       -20.30%     32.12%
         915         920      -3.6088083e-05    5.45608e-05   -4.6003490e-05    7.05473e-05   -2.8617918e-05    4.29799e-05        27.48%    -20.70%
         920         925       9.3619793e-06    7.73800e-06    6.1347882e-06    4.87957e-06    1.4879961e-05    1.27005e-05       -34.47%     58.94%
         925         930       1.2279903e-06    3.35481e-06   -4.6980389e-07    5.73104e-06    2.0797412e-06    2.69682e-06      -138.26%     69.36%
         930         935      -3.2358245e-05    6.78983e-05   -5.3369283e-05    0.000125089   -1.8585725e-05    3.66383e-05        64.93%    -42.56%
         935         940       1.2815268e-05    1.16088e-05    1.1251580e-05    9.33043e-06    1.4630302e-05    1.51320e-05       -12.20%     14.16%
         940         945       3.4542112e-06    1.99059e-06    2.6588678e-06    1.55926e-06    4.7288754e-06    2.69308e-06       -23.03%     36.90%
         945         950       8.0930224e-06    4.15873e-06    6.4959075e-06    3.38513e-06    1.0342511e-05    5.20863e-06       -19.73%     27.80%
         950         955       3.3982817e-06    6.45969e-06    2.4818873e-06    4.52816e-06    4.8281870e-06    9.64747e-06       -26.97%     42.08%
         955         960       1.1012330e-05    5.92946e-06    7.7349062e-06    4.11287e-06    1.6263690e-05    8.93089e-06       -29.76%     47.69%
         960         965       1.5879372e-07    8.10892e-07    1.4595124e-07    8.64106e-07    1.6632185e-07    8.37474e-07        -8.09%      4.74%
         965         970       5.9807593e-06    4.58996e-06    4.8184704e-06    3.58186e-06    7.7193859e-06    6.10254e-06       -19.43%     29.07%
         970         975      -1.6850260e-05    2.73270e-05   -2.1638498e-05    3.59597e-05   -1.3382470e-05    2.14021e-05        28.42%    -20.58%
         975         980      -1.3186375e-06    4.01601e-06   -1.5585418e-06    5.04112e-06   -1.0773104e-06    3.27978e-06        18.19%    -18.30%
         980         985       5.1813888e-06    3.99262e-06    3.2377554e-06    2.59723e-06    8.6020193e-06    6.43963e-06       -37.51%     66.02%
         985         990      -5.0606220e-07    1.49405e-06   -4.5062741e-06    3.82039e-06    1.7360789e-06    1.94790e-06       790.46%   -443.06%
         990         995       2.1860151e-06    1.58751e-06    1.8881776e-06    1.30257e-06    2.6160757e-06    2.04539e-06       -13.62%     19.67%
         995        1000       1.3454594e-05    8.60911e-06    9.3016480e-06    5.27381e-06    2.1533945e-05    1.63018e-05       -30.87%     60.05%
