#  left-edge  right-edge       scale-central  central-error        scale-min      min-error        scale-max      max-error      rel-down     rel-up
           0         0.1                   0              0                0              0                0              0            0%         0%
         0.1         0.2                   0              0                0              0                0              0            0%         0%
         0.2         0.3        0.0016851276    0.000223288     0.0015168345    0.000201226     0.0018395545    0.000243996        -9.99%      9.16%
         0.3         0.4        0.0082563845     0.00130865     0.0072417908     0.00108379     0.0092230259     0.00153541       -12.29%     11.71%
         0.4         0.5         0.013920486    0.000879372      0.012525469    0.000783055      0.015186563    0.000969633       -10.02%      9.10%
         0.5         0.6         0.028429472     0.00126719      0.025820543     0.00113101      0.030773238     0.00139647        -9.18%      8.24%
         0.6         0.7         0.055089190     0.00165971      0.050320901     0.00151225      0.059328885     0.00179777        -8.66%      7.70%
         0.7         0.8         0.088278522     0.00224433      0.080852245     0.00206970      0.094832689     0.00240173        -8.41%      7.42%
         0.8         0.9          0.14099031     0.00279834       0.12911679     0.00255754       0.15144438     0.00302230        -8.42%      7.41%
         0.9           1          0.21313254     0.00318532       0.19568098     0.00291868       0.22842136     0.00342978        -8.19%      7.17%
           1         1.1          0.30134451     0.00374840       0.27645284     0.00340569       0.32322217     0.00406819        -8.26%      7.26%
         1.1         1.2          0.40389148     0.00405732       0.37070386     0.00370897       0.43296314     0.00437816        -8.22%      7.20%
         1.2         1.3          0.52611537     0.00457405       0.48424170     0.00422781       0.56255730     0.00488941        -7.96%      6.93%
         1.3         1.4          0.68480359     0.00514563       0.62981892     0.00474522       0.73273385     0.00550772        -8.03%      7.00%
         1.4         1.5          0.88655859     0.00698497       0.81507688     0.00619727       0.94888652     0.00775659        -8.06%      7.03%
         1.5         1.6           1.0992796     0.00628908        1.0108469     0.00579127        1.1763731     0.00674317        -8.04%      7.01%
         1.6         1.7           1.3638466     0.00670992        1.2543578     0.00620180        1.4592004     0.00716667        -8.03%      6.99%
         1.7         1.8           1.6576058     0.00722084        1.5232570     0.00666328        1.7747838     0.00772115        -8.10%      7.07%
         1.8         1.9           2.0630642     0.00840755        1.8942219     0.00775583        2.2106052     0.00899771        -8.18%      7.15%
         1.9           2           2.4622523     0.00877317        2.2590457     0.00808619        2.6401088     0.00939319        -8.25%      7.22%
           2         2.1           2.9812482     0.00969355        2.7315510     0.00892612        3.2004769      0.0103920        -8.38%      7.35%
         2.1         2.2           3.6154503      0.0106940        3.3063811     0.00981654        3.8878554      0.0114940        -8.55%      7.53%
         2.2         2.3           4.3629166      0.0120294        3.9850042      0.0110117        4.6968280      0.0129598        -8.66%      7.65%
         2.3         2.4           5.3145636      0.0135799        4.8415866      0.0123629        5.7346007      0.0147033        -8.90%      7.90%
         2.4         2.5           6.4889155      0.0151345        5.8964507      0.0137443        7.0175934      0.0164275        -9.13%      8.15%
         2.5         2.6           7.9819490      0.0178851        7.2342479      0.0161445        8.6522208      0.0195238        -9.37%      8.40%
         2.6         2.7           9.7649181      0.0203089        8.8250988      0.0182368        10.611125      0.0222502        -9.62%      8.67%
         2.7         2.8           11.861487      0.0240975        10.689564      0.0214795        12.921571      0.0265796        -9.88%      8.94%
         2.8         2.9           14.112669      0.0266388        12.695516      0.0238164        15.398388      0.0292919       -10.04%      9.11%
         2.9           3           16.713254      0.0308756        14.997351      0.0274513        18.275863      0.0341054       -10.27%      9.35%
           3         3.1           19.521325      0.0370701        17.471334      0.0328160        21.395571      0.0410943       -10.50%      9.60%
         3.1         3.2           17.785843      0.0370004        15.909899      0.0326563        19.503049      0.0411238       -10.55%      9.65%
         3.2         3.3           9.9195712      0.0273205        8.8904158      0.0242381        10.860887      0.0302386       -10.37%      9.49%
         3.3         3.4           6.7361968      0.0245835        6.0504067      0.0217372        7.3624133      0.0272822       -10.18%      9.30%
         3.4         3.5           4.7678764      0.0201567        4.3002533      0.0179297        5.1934954      0.0222767        -9.81%      8.93%
         3.5         3.6           3.4354527      0.0179070        3.1094117      0.0159672        3.7312689      0.0197392        -9.49%      8.61%
         3.6         3.7           2.5361224      0.0147877        2.3069640      0.0132557        2.7429116      0.0162383        -9.04%      8.15%
         3.7         3.8           1.8937536      0.0140180        1.7310735      0.0125927        2.0397704      0.0153666        -8.59%      7.71%
         3.8         3.9           1.4167219      0.0123530        1.3017766      0.0111257        1.5193008      0.0135137        -8.11%      7.24%
         3.9           4           1.0596577      0.0100121       0.97950535     0.00909823        1.1305297      0.0108798        -7.56%      6.69%
           4         4.1          0.80767083     0.00898603       0.75190377     0.00825758       0.85646509     0.00966663        -6.90%      6.04%
         4.1         4.2          0.60558636     0.00725671       0.56557691     0.00667285       0.64040996     0.00781787        -6.61%      5.75%
         4.2         4.3          0.45862712     0.00749698       0.43249946     0.00696749       0.48085378     0.00799340        -5.70%      4.85%
         4.3         4.4          0.37446144     0.00720807       0.35546748     0.00667420       0.39037520     0.00770128        -5.07%      4.25%
         4.4         4.5          0.27890496     0.00566209       0.26586195     0.00532736       0.28969200     0.00597377        -4.68%      3.87%
         4.5         4.6          0.21337019     0.00452582       0.20494025     0.00436941       0.22011423     0.00466176        -3.95%      3.16%
         4.6         4.7          0.16761654     0.00420516       0.16145446     0.00403199       0.17246353     0.00435465        -3.68%      2.89%
         4.7         4.8          0.13549074     0.00581019       0.13291862     0.00608617       0.13724721     0.00556874        -1.90%      1.30%
         4.8         4.9         0.096792786     0.00320724      0.094570504     0.00316953      0.098332727     0.00323349        -2.30%      1.59%
         4.9           5         0.079913957     0.00280200      0.078090329     0.00274107      0.081163207     0.00285011        -2.28%      1.56%
           5         5.1         0.059414646     0.00306912      0.058212839     0.00294051      0.060180955     0.00317780        -2.02%      1.29%
         5.1         5.2         0.042322027     0.00209281      0.041896980     0.00207421      0.042483490     0.00209938        -1.00%      0.38%
         5.2         5.3         0.036620363     0.00209354      0.036385103     0.00207930      0.036637402     0.00209593        -0.64%      0.05%
         5.3         5.4         0.025929402     0.00159026      0.025756220     0.00158618      0.025947842     0.00158781        -0.67%      0.07%
         5.4         5.5         0.019770111     0.00153852      0.019652320     0.00153634      0.019772786     0.00153538        -0.60%      0.01%
         5.5         5.6         0.013389654    0.000992830      0.013330304    0.000984578      0.013389654    0.000992830        -0.44%   0.00000%
         5.6         5.7         0.010714804     0.00110900      0.010553114     0.00108506      0.010843913     0.00113323        -1.51%      1.20%
         5.7         5.8        0.0031425359    0.000634842     0.0030889139    0.000610518     0.0031715913    0.000660023        -1.71%      0.92%
         5.8         5.9        0.0026196305    0.000493328     0.0025584233    0.000470885     0.0026767347    0.000517966        -2.34%      2.18%
         5.9           6        0.0034304779    0.000697342     0.0033612019    0.000674245     0.0034892398    0.000720749        -2.02%      1.71%
           6         6.1        0.0018783460    0.000657305     0.0018307589    0.000632725     0.0019219065    0.000682083        -2.53%      2.32%
         6.1         6.2       0.00016818679    5.44773e-05    0.00016431973    5.31984e-05    0.00017173696    5.56794e-05        -2.30%      2.11%
         6.2         6.3       9.8173292e-05    4.31044e-05    9.7011599e-05    4.24709e-05    9.8992737e-05    4.37167e-05        -1.18%      0.83%
         6.3         6.4                   0              0                0              0                0              0            0%         0%
         6.4         6.5                   0              0                0              0                0              0            0%         0%
         6.5         6.6                   0              0                0              0                0              0            0%         0%
         6.6         6.7                   0              0                0              0                0              0            0%         0%
         6.7         6.8                   0              0                0              0                0              0            0%         0%
         6.8         6.9                   0              0                0              0                0              0            0%         0%
         6.9           7                   0              0                0              0                0              0            0%         0%
           7         7.1                   0              0                0              0                0              0            0%         0%
         7.1         7.2                   0              0                0              0                0              0            0%         0%
         7.2         7.3                   0              0                0              0                0              0            0%         0%
         7.3         7.4                   0              0                0              0                0              0            0%         0%
         7.4         7.5                   0              0                0              0                0              0            0%         0%
         7.5         7.6                   0              0                0              0                0              0            0%         0%
         7.6         7.7                   0              0                0              0                0              0            0%         0%
         7.7         7.8                   0              0                0              0                0              0            0%         0%
         7.8         7.9                   0              0                0              0                0              0            0%         0%
         7.9           8                   0              0                0              0                0              0            0%         0%
           8         8.1                   0              0                0              0                0              0            0%         0%
         8.1         8.2                   0              0                0              0                0              0            0%         0%
         8.2         8.3                   0              0                0              0                0              0            0%         0%
         8.3         8.4                   0              0                0              0                0              0            0%         0%
         8.4         8.5                   0              0                0              0                0              0            0%         0%
         8.5         8.6                   0              0                0              0                0              0            0%         0%
         8.6         8.7                   0              0                0              0                0              0            0%         0%
         8.7         8.8                   0              0                0              0                0              0            0%         0%
         8.8         8.9                   0              0                0              0                0              0            0%         0%
         8.9           9                   0              0                0              0                0              0            0%         0%
           9         9.1                   0              0                0              0                0              0            0%         0%
         9.1         9.2                   0              0                0              0                0              0            0%         0%
         9.2         9.3                   0              0                0              0                0              0            0%         0%
         9.3         9.4                   0              0                0              0                0              0            0%         0%
         9.4         9.5                   0              0                0              0                0              0            0%         0%
         9.5         9.6                   0              0                0              0                0              0            0%         0%
         9.6         9.7                   0              0                0              0                0              0            0%         0%
         9.7         9.8                   0              0                0              0                0              0            0%         0%
         9.8         9.9                   0              0                0              0                0              0            0%         0%
         9.9          10                   0              0                0              0                0              0            0%         0%
