#  left-edge  right-edge       scale-central  central-error        scale-min      min-error        scale-max      max-error      rel-down     rel-up
           0           5        0.0043923652    0.000341384     0.0040226608    0.000294008     0.0047570463    0.000381374        -8.42%      8.30%
           5          10          0.23162008     0.00199057       0.22147697     0.00174402       0.24132934     0.00221509        -4.38%      4.19%
          10          15           1.0744431     0.00372880        1.0335873     0.00324344        1.1052714     0.00414218        -3.80%      2.87%
          15          20           2.3324162     0.00550687        2.2636482     0.00483089        2.3695131     0.00612134        -2.95%      1.59%
          20          25           2.9413362     0.00669621        2.8570132     0.00590228        2.9883411     0.00745960        -2.87%      1.60%
          25          30           2.6570006     0.00640513        2.5711743     0.00565832        2.7189903     0.00714146        -3.23%      2.33%
          30          35           2.0644566     0.00524318        2.0014512     0.00468132        2.1172292     0.00584274        -3.05%      2.56%
          35          40           1.4390671     0.00468893        1.3978339     0.00432891        1.4769086     0.00523551        -2.87%      2.63%
          40          45           1.0768983     0.00391389        1.0527966     0.00366460        1.1040441     0.00436635        -2.24%      2.52%
          45          50          0.80654343     0.00379682       0.78144381     0.00344017       0.83784507     0.00424399        -3.11%      3.88%
          50          55          0.63528864     0.00335912       0.61347443     0.00304301       0.66249307     0.00375541        -3.43%      4.28%
          55          60          0.48359198     0.00302065       0.46796371     0.00273506       0.50308194     0.00337851        -3.23%      4.03%
          60          65          0.38877472     0.00281663       0.37566382     0.00254908       0.40512527     0.00315171        -3.37%      4.21%
          65          70          0.30402906     0.00272435       0.29382094     0.00246329       0.31675958     0.00305102        -3.36%      4.19%
          70          75          0.24211259     0.00246715       0.23384813     0.00223025       0.25241917     0.00276352        -3.41%      4.26%
          75          80          0.19150796     0.00225307       0.18521348     0.00203689       0.19935780     0.00252355        -3.29%      4.10%
          80          85          0.16003886     0.00203055       0.15436702     0.00183544       0.16711219     0.00227464        -3.54%      4.42%
          85          90          0.13082211     0.00186525       0.12620614     0.00168583       0.13692068     0.00202040        -3.53%      4.66%
          90          95          0.10060644     0.00167275      0.097423608     0.00151191       0.10507961     0.00180099        -3.16%      4.45%
          95         100         0.087100165     0.00144883      0.084052220     0.00131042      0.091172880     0.00157624        -3.50%      4.68%
         100         105         0.071726993     0.00132190      0.069187558     0.00121318      0.075257248     0.00144806        -3.54%      4.92%
         105         110         0.061622197     0.00122023      0.059367214     0.00112540      0.064720451     0.00133299        -3.66%      5.03%
         110         115         0.051859980     0.00120255      0.049750993     0.00110911      0.054783164     0.00131363        -4.07%      5.64%
         115         120         0.047277747     0.00105175      0.045162217    0.000955942      0.050104395     0.00116587        -4.47%      5.98%
         120         125         0.037520081    0.000939940      0.035922217    0.000852301      0.039727973     0.00104528        -4.26%      5.88%
         125         130         0.030277285    0.000882864      0.029062409    0.000800120      0.032000085    0.000983260        -4.01%      5.69%
         130         135         0.029357147    0.000736265      0.028088240    0.000672787      0.031085232    0.000811956        -4.32%      5.89%
         135         140         0.025237155    0.000689802      0.024024776    0.000624148      0.026876812    0.000768879        -4.80%      6.50%
         140         145         0.021712370    0.000841541      0.020723117    0.000751130      0.023064462    0.000951545        -4.56%      6.23%
         145         150         0.019261839    0.000828984      0.018413362    0.000742890      0.020412763    0.000934156        -4.40%      5.98%
         150         155         0.015310501    0.000644255      0.014648344    0.000582765      0.016241932    0.000718738        -4.32%      6.08%
         155         160         0.015013783    0.000630572      0.014247987    0.000565753      0.016056677    0.000708747        -5.10%      6.95%
         160         165         0.012454430    0.000452647      0.011870902    0.000404608      0.013249633    0.000512502        -4.69%      6.38%
         165         170         0.012824717    0.000631564      0.012201124    0.000566610      0.013637214    0.000714087        -4.86%      6.34%
         170         175        0.0086953631    0.000597024     0.0083588975    0.000532280     0.0092030698    0.000683272        -3.87%      5.84%
         175         180        0.0082131091    0.000971496     0.0077554265    0.000878075     0.0088580306     0.00108289        -5.57%      7.85%
         180         185        0.0089654631    0.000947930     0.0084880519    0.000850993     0.0095979681     0.00106342        -5.33%      7.05%
         185         190        0.0073424211    0.000409323     0.0069806348    0.000361630     0.0078292560    0.000469165        -4.93%      6.63%
         190         195        0.0062368287    0.000432355     0.0059757069    0.000383249     0.0066138872    0.000493003        -4.19%      6.05%
         195         200        0.0060320295    0.000406254     0.0057029210    0.000360496     0.0064744647    0.000462425        -5.46%      7.33%
         200         205        0.0057633162    0.000399460     0.0054248813    0.000354255     0.0062130881    0.000454708        -5.87%      7.80%
         205         210        0.0045734163    0.000378766     0.0043103962    0.000335526     0.0049410203    0.000432263        -5.75%      8.04%
         210         215        0.0042888236    0.000333520     0.0040386092    0.000291286     0.0046312832    0.000386962        -5.83%      7.98%
         215         220        0.0049254918    0.000297980     0.0045854583    0.000260750     0.0053715284    0.000344855        -6.90%      9.06%
         220         225        0.0034819761    0.000441909     0.0032721822    0.000375108     0.0037721137    0.000530229        -6.03%      8.33%
         225         230        0.0030376964    0.000428353     0.0028963258    0.000365169     0.0032287156    0.000511926        -4.65%      6.29%
         230         235        0.0033514641    0.000308089     0.0031582279    0.000272733     0.0036106422    0.000352028        -5.77%      7.73%
         235         240        0.0021307390    0.000242983     0.0020682827    0.000212120     0.0022224035    0.000281635        -2.93%      4.30%
         240         245        0.0024544912    0.000232467     0.0023173830    0.000204847     0.0026436843    0.000266872        -5.59%      7.71%
         245         250        0.0026658704    0.000239818     0.0025149546    0.000211911     0.0028611363    0.000274024        -5.66%      7.32%
         250         255        0.0016033912    0.000256968     0.0015336560    0.000226036     0.0017054937    0.000295465        -4.35%      6.37%
         255         260        0.0019632506    0.000202316     0.0018608941    0.000177178     0.0020971227    0.000234385        -5.21%      6.82%
         260         265        0.0017339503    0.000187202     0.0016293373    0.000162093     0.0018803714    0.000219122        -6.03%      8.44%
         265         270        0.0016593390    0.000223712     0.0015562742    0.000190080     0.0018006834    0.000267317        -6.21%      8.52%
         270         275        0.0014435251    0.000242282     0.0013759062    0.000205504     0.0015355670    0.000290013        -4.68%      6.38%
         275         280        0.0013091262    0.000193364     0.0012299320    0.000166811     0.0014164552    0.000227062        -6.05%      8.20%
         280         285        0.0016251570    0.000188051     0.0015239578    0.000165919     0.0017546295    0.000215957        -6.23%      7.97%
         285         290        0.0011706479    0.000136111     0.0011025747    0.000117210     0.0012620988    0.000160520        -5.82%      7.81%
         290         295       0.00086746458    0.000169222    0.00084271867    0.000142190    0.00090202678    0.000205246        -2.85%      3.98%
         295         300       0.00092812284    0.000246224    0.00088810539    0.000208813    0.00098570818    0.000295151        -4.31%      6.20%
         300         305        0.0018338016    0.000413203     0.0016876020    0.000366232     0.0020172476    0.000471383        -7.97%     10.00%
         305         310       0.00057423920    0.000122869    0.00055218069    0.000116517    0.00060781668    0.000129922        -3.84%      5.85%
         310         315        0.0011554393    0.000130479     0.0010435718    0.000111310     0.0013024906    0.000155890        -9.68%     12.73%
         315         320        0.0011020676    0.000120934    0.00099585097    0.000103909     0.0012450948    0.000143245        -9.64%     12.98%
         320         325       0.00098836879    0.000248836    0.00089643538    0.000210484     0.0011107700    0.000298689        -9.30%     12.38%
         325         330       0.00034990747    0.000274188    0.00030220115    0.000325606    0.00038489668    0.000234297       -13.63%      10.0%
         330         335       0.00023094149    0.000158589    0.00018091522    0.000187501    0.00027084152    0.000136280       -21.66%     17.28%
         335         340       0.00072078304    8.48443e-05    0.00066965431    7.31403e-05    0.00078591931    0.000100050        -7.09%      9.04%
         340         345       0.00061853671    0.000142545    0.00058198990    0.000122644    0.00066547647    0.000167798        -5.91%      7.59%
         345         350       0.00046827230    0.000157186    0.00044878341    0.000135270    0.00049512109    0.000185027        -4.16%      5.73%
         350         355       0.00041770214    0.000112978    0.00039473022    9.67842e-05    0.00044944089    0.000133754        -5.50%      7.60%
         355         360       0.00057096819    7.26130e-05    0.00052012224    6.11929e-05    0.00063717607    8.78084e-05        -8.91%     11.60%
         360         365       0.00043985061    8.62445e-05    0.00042401272    7.37706e-05    0.00046009063    0.000102500        -3.60%      4.60%
         365         370       0.00055711976    0.000113848    0.00048386480    8.68155e-05    0.00066395333    0.000155391       -13.15%     19.18%
         370         375       0.00024118805    7.49548e-05    0.00022080041    9.85048e-05    0.00025636695    5.97025e-05        -8.45%      6.29%
         375         380       0.00053291113    6.82001e-05    0.00048539347    5.86664e-05    0.00059424468    8.06156e-05        -8.92%     11.51%
         380         385       0.00038357212    6.54589e-05    0.00035506923    5.51845e-05    0.00042105707    7.91695e-05        -7.43%      9.77%
         385         390       0.00013138789    9.03684e-05    0.00011465749    0.000100944    0.00014480337    8.19401e-05       -12.73%     10.21%
         390         395       0.00036567665    0.000104987    0.00033557126    9.02138e-05    0.00040372690    0.000123770        -8.23%     10.41%
         395         400       0.00030485046    8.50824e-05    0.00028268245    7.10253e-05    0.00033317769    0.000103816        -7.27%      9.29%
         400         405       0.00032102843    6.50350e-05    0.00030429566    8.15764e-05    0.00033601978    5.72640e-05        -5.21%      4.67%
         405         410       3.2874520e-05    6.57458e-05    1.5260510e-05    7.93301e-05    4.6667937e-05    5.96527e-05       -53.58%     41.96%
         410         415       0.00023374867    0.000112234    0.00019109366    0.000120030    0.00029245172    0.000115604       -18.25%     25.11%
         415         420       0.00020633620    0.000120207    0.00016611460    0.000115182    0.00023993438    0.000126329       -19.49%     16.28%
         420         425       0.00010662837    4.66752e-05    0.00010170354    5.19163e-05    0.00011062477    5.05964e-05        -4.62%      3.75%
         425         430       0.00030644757    8.17332e-05    0.00028446832    7.46480e-05    0.00033424236    9.02163e-05        -7.17%      9.07%
         430         435       0.00020897644    5.19620e-05    0.00018550584    4.38388e-05    0.00024034524    6.26813e-05       -11.23%     15.01%
         435         440       9.6776468e-05    3.68860e-05    9.3937543e-05    4.05981e-05    9.9727226e-05    4.00068e-05        -2.93%      3.05%
         440         445       0.00016081756    3.24263e-05    0.00015068506    2.75117e-05    0.00017372234    3.89397e-05        -6.30%      8.02%
         445         450       0.00018139922    3.54390e-05    0.00016674786    2.98849e-05    0.00020088757    4.29524e-05        -8.08%     10.74%
         450         455       7.0718302e-05    4.56941e-05    6.6596336e-05    5.10650e-05    7.4174384e-05    3.77975e-05        -5.83%      4.89%
         455         460       8.3457740e-05    2.93079e-05    7.0386168e-05    4.03660e-05    9.1721113e-05    2.21196e-05       -15.66%      9.90%
         460         465       0.00015163418    3.63107e-05    0.00014291333    2.95597e-05    0.00016273736    4.57144e-05        -5.75%      7.32%
         465         470       0.00019200883    6.24598e-05    0.00017268031    5.06924e-05    0.00021871813    7.87805e-05       -10.07%     13.91%
         470         475      -2.2136946e-05    0.000139451   -4.1127294e-05    0.000171529   -6.6449196e-06    0.000115297        85.79%    -69.98%
         475         480      -1.1623177e-05    0.000147889   -3.2553734e-05    0.000181572    3.8989857e-06    0.000122492       180.08%   -133.54%
         480         485       0.00024199004    5.27973e-05    0.00021759572    4.46587e-05    0.00027339566    6.34754e-05       -10.08%     12.98%
         485         490       0.00010256959    4.92153e-05    9.5752706e-05    4.10837e-05    0.00011033295    5.99867e-05        -6.65%      7.57%
         490         495       5.2642945e-05    4.56980e-05    5.0476621e-05    5.11315e-05    5.5882409e-05    4.97857e-05        -4.12%      6.15%
         495         500      -5.8292956e-07    1.70864e-05   -1.0514854e-05    2.11634e-05    6.7979447e-06    1.41269e-05      1703.79%  -1266.17%
         500         505       0.00010384184    1.45275e-05    9.4847510e-05    1.21428e-05    0.00011495428    1.78924e-05        -8.66%     10.70%
         505         510       2.8513767e-05    4.86599e-05    2.4196025e-05    5.43905e-05    3.1976002e-05    4.40896e-05       -15.14%     12.14%
         510         515       6.6821333e-05    1.65220e-05    6.1533176e-05    1.38609e-05    7.4165593e-05    2.02029e-05        -7.91%     10.99%
         515         520       5.1036306e-05    3.17784e-05    4.7190810e-05    3.52798e-05    5.5105162e-05    3.53368e-05        -7.53%      7.97%
         520         525       7.0274703e-05    2.39142e-05    6.5860870e-05    1.99402e-05    7.6183379e-05    2.92571e-05        -6.28%      8.41%
         525         530       0.00012537662    4.47967e-05    0.00011709762    4.04183e-05    0.00013570133    5.02646e-05        -6.60%      8.23%
         530         535      -2.0067115e-05    3.35561e-05   -3.4151769e-05    4.13485e-05   -9.5826018e-06    2.77893e-05        70.19%    -52.25%
         535         540       9.1203676e-05    2.83887e-05    8.2096392e-05    2.32601e-05    0.00010281657    3.54344e-05        -9.99%     12.73%
         540         545       2.5778657e-05    2.11705e-05    2.2492455e-05    2.63680e-05    2.8126105e-05    1.74524e-05       -12.75%      9.11%
         545         550       2.6497258e-05    2.21645e-05    1.7662550e-05    2.85587e-05    3.2344580e-05    1.76952e-05       -33.34%     22.07%
         550         555       3.9751376e-05    1.23163e-05    3.7061769e-05    1.02006e-05    4.3356936e-05    1.52168e-05        -6.77%      9.07%
         555         560      -0.00033732877    0.000341935   -0.00044733003    0.000438323   -0.00025865209    0.000272375        32.61%    -23.32%
         560         565       4.5788953e-05    3.05203e-05    4.3063842e-05    3.32169e-05    4.8044066e-05    2.82618e-05        -5.95%      4.93%
         565         570       9.1588995e-06    7.64978e-06    6.3575204e-06    9.85426e-06    1.0971865e-05    6.14054e-06       -30.59%     19.79%
         570         575       4.9990605e-05    2.88401e-05    4.5531115e-05    2.42473e-05    5.6425474e-05    3.49073e-05        -8.92%     12.87%
         575         580       4.4206423e-05    1.32449e-05    4.1757448e-05    1.05824e-05    4.7598831e-05    1.70199e-05        -5.54%      7.67%
         580         585       7.7548814e-05    2.21313e-05    7.0252574e-05    1.89028e-05    8.6476783e-05    2.63324e-05        -9.41%     11.51%
         585         590       4.4736786e-05    9.67809e-06    4.1048431e-05    8.75199e-06    4.9238609e-05    1.08623e-05        -8.24%     10.06%
         590         595      -1.3739824e-05    1.93741e-05   -2.2217720e-05    2.49401e-05   -7.7692627e-06    1.54172e-05        61.70%    -43.45%
         595         600       1.9948248e-05    1.36803e-05    1.8171950e-05    1.48862e-05    2.1599595e-05    1.51836e-05        -8.90%      8.28%
         600         605       5.9020094e-05    1.81613e-05    4.9373214e-05    1.47442e-05    7.2165476e-05    2.28487e-05       -16.35%     22.27%
         605         610       7.0794578e-05    2.37206e-05    6.1021655e-05    1.89345e-05    8.4258987e-05    3.03758e-05       -13.80%     19.02%
         610         615       8.2292061e-06    1.11520e-05   -2.3352856e-06    1.57059e-05    1.5679824e-05    8.26974e-06      -128.38%     90.54%
         615         620       7.4242690e-05    3.78344e-05    6.3419972e-05    3.10956e-05    8.8452299e-05    4.68640e-05       -14.58%     19.14%
         620         625      -3.8250692e-06    3.83437e-05   -8.4058185e-06    4.74506e-05   -5.8239212e-07    3.15518e-05       119.76%    -84.77%
         625         630       2.1915029e-06    2.85508e-05   -4.6645290e-07    3.61076e-05    4.0780698e-06    2.30658e-05      -121.28%     86.09%
         630         635      -2.6782619e-05    2.27838e-05   -4.0093986e-05    2.89615e-05   -1.7305515e-05    1.83639e-05        49.70%    -35.39%
         635         640       2.9961733e-05    8.23642e-06    2.7646833e-05    7.39084e-06    3.2810833e-05    9.33188e-06        -7.73%      9.51%
         640         645       2.1413401e-05    1.62875e-05    1.9967221e-05    1.34286e-05    2.3635526e-05    2.01522e-05        -6.75%     10.38%
         645         650       1.3379407e-05    4.22629e-06    1.2924702e-05    5.57706e-06    1.3608428e-05    3.33518e-06        -3.40%      1.71%
         650         655       2.0260866e-05    6.67847e-06    1.7490471e-05    5.58619e-06    2.4166611e-05    8.21875e-06       -13.67%     19.28%
         655         660       3.4971883e-05    2.27299e-05    2.9557022e-05    1.87266e-05    4.2409028e-05    2.81627e-05       -15.48%     21.27%
         660         665       2.1968761e-05    1.26342e-05    1.8875463e-05    1.00683e-05    2.6190630e-05    1.62594e-05       -14.08%     19.22%
         665         670       1.1631486e-05    8.81021e-06    1.0167670e-05    7.00937e-06    1.3741381e-05    1.13346e-05       -12.58%     18.14%
         670         675       7.4981326e-06    4.74590e-06    7.2626658e-06    3.76976e-06    7.8938612e-06    6.19371e-06        -3.14%      5.28%
         675         680      -1.9989785e-05    1.90144e-05   -2.7366627e-05    2.39343e-05   -1.4818308e-05    1.54541e-05        36.90%    -25.87%
         680         685       7.6092158e-06    1.65830e-05    6.5836867e-06    2.07911e-05    8.2332039e-06    1.35599e-05       -13.48%      8.20%
         685         690      -1.5275659e-06    1.49335e-05   -1.0184809e-05    2.28469e-05    4.4191170e-06    9.44340e-06       566.73%   -389.29%
         690         695       1.2357178e-05    1.02678e-05    1.1384654e-05    1.11680e-05    1.3137008e-05    9.56962e-06        -7.87%      6.31%
         695         700       1.0639520e-05    1.27637e-05    1.0121653e-05    1.02648e-05    1.1096191e-05    1.62264e-05        -4.87%      4.29%
         700         705       2.1942949e-05    1.41550e-05    1.9708303e-05    1.13133e-05    2.5000778e-05    1.81404e-05       -10.18%     13.94%
         705         710       2.4340555e-05    1.97870e-05    2.3202929e-05    1.79003e-05    2.5759285e-05    2.21491e-05        -4.67%      5.83%
         710         715       8.8119125e-06    8.16502e-06    8.3927674e-06    7.37630e-06    9.2416771e-06    9.16599e-06        -4.76%      4.88%
         715         720      -1.3609188e-05    2.31429e-05   -1.9728757e-05    2.97878e-05   -9.4540177e-06    1.83867e-05        44.97%    -30.53%
         720         725       4.5859655e-05    2.43426e-05    3.7866921e-05    1.95335e-05    5.6920706e-05    3.10645e-05       -17.43%     24.12%
         725         730       1.3183776e-05    4.47630e-06    1.1116170e-05    3.68976e-06    1.6042757e-05    5.56259e-06       -15.68%     21.69%
         730         735       9.9756512e-06    2.85252e-06    9.2050549e-06    2.43905e-06    1.0924026e-05    3.42502e-06        -7.72%      9.51%
         735         740      -1.1362337e-05    1.27467e-05   -1.8049436e-05    1.67969e-05   -6.8806061e-06    9.95370e-06        58.85%    -39.44%
         740         745       1.9978591e-05    1.17673e-05    1.6074940e-05    9.14195e-06    2.5711217e-05    1.56331e-05       -19.54%     28.69%
         745         750       8.1592098e-05    4.31541e-05    6.8708745e-05    3.63212e-05    9.8613122e-05    5.20636e-05       -15.79%     20.86%
         750         755       1.3948650e-05    1.19991e-05    1.0658664e-05    1.43462e-05    1.5858678e-05    1.04575e-05       -23.59%     13.69%
         755         760      -1.8296953e-05    1.04079e-05   -2.6175733e-05    1.34262e-05   -1.2560165e-05    8.24487e-06        43.06%    -31.35%
         760         765       4.4838223e-06    2.07589e-06    4.0396352e-06    1.80524e-06    5.1042667e-06    2.46775e-06        -9.91%     13.84%
         765         770      -1.2902670e-05    9.92486e-06   -1.8486975e-05    1.28378e-05   -8.9798772e-06    7.85293e-06        43.28%    -30.40%
         770         775      -2.4551102e-06    1.22128e-05   -9.3036179e-06    1.60943e-05    2.2637013e-06    9.62188e-06       278.95%   -192.20%
         775         780       2.5021044e-05    1.37024e-05    2.3351261e-05    1.27583e-05    2.6862296e-05    1.47865e-05        -6.67%      7.36%
         780         785       5.7518312e-06    2.09282e-06    5.5212323e-06    1.55489e-06    6.0714916e-06    2.87776e-06        -4.01%      5.56%
         785         790       7.0591901e-06    1.13299e-05    6.6950595e-06    8.77123e-06    7.5771598e-06    1.50453e-05        -5.16%      7.34%
         790         795       2.5889324e-06    4.05940e-06    1.2814549e-06    5.27737e-06    3.3699786e-06    3.24124e-06       -50.50%     30.17%
         795         800      -1.0423876e-05    1.03003e-05   -1.5234496e-05    1.35537e-05   -7.1388734e-06    8.03758e-06        46.15%    -31.51%
         800         805       5.1301281e-06    1.44469e-06    4.7014371e-06    1.25102e-06    5.6676031e-06    1.68802e-06        -8.36%     10.48%
         805         810       1.8297824e-06    3.69448e-06    1.4062002e-06    3.22813e-06    2.5262789e-06    4.78879e-06       -23.15%     38.06%
         810         815      -1.7339690e-05    1.58619e-05   -2.2544759e-05    1.97044e-05   -1.3507608e-05    1.30155e-05        30.02%    -22.10%
         815         820       2.8240607e-05    1.59133e-05    2.3842753e-05    1.30780e-05    3.4079473e-05    1.97348e-05       -15.57%     20.68%
         820         825       8.5987193e-07    3.06316e-06   -1.5788271e-06    4.82262e-06    2.3926168e-06    1.95307e-06      -283.61%    178.25%
         825         830       4.1636827e-06    1.64553e-06    3.7651304e-06    1.38390e-06    4.6949271e-06    1.93960e-06        -9.57%     12.76%
         830         835       4.3422443e-06    2.62817e-06    3.9743467e-06    3.47572e-06    4.5038440e-06    2.23165e-06        -8.47%      3.72%
         835         840       2.4675692e-06    6.96510e-06    4.8651907e-07    8.45611e-06    3.7319142e-06    5.90081e-06       -80.28%     51.24%
         840         845       1.1194761e-05    5.11290e-06    9.5627264e-06    4.05718e-06    1.3367361e-05    6.61220e-06       -14.58%     19.41%
         845         850       4.7051703e-07    8.62609e-07   -8.6178298e-08    1.28570e-06    8.0920828e-07    5.92942e-07      -118.32%     71.98%
         850         855       6.0548474e-06    3.58609e-06    5.3730667e-06    2.70205e-06    7.0064074e-06    4.89057e-06       -11.26%     15.72%
         855         860      -6.8521424e-07    1.46306e-06   -1.7075024e-06    1.95303e-06   -2.6110836e-08    1.13668e-06       149.19%    -96.19%
         860         865      -5.0081588e-06    3.14947e-06   -6.9042384e-06    4.02557e-06   -3.7209741e-06    2.52477e-06        37.86%    -25.70%
         865         870       9.1271100e-06    2.50682e-06    8.1546239e-06    2.12959e-06    1.0348862e-05    3.01710e-06       -10.65%     13.39%
         870         875      -5.9220429e-06    2.75810e-06   -9.0856754e-06    3.88057e-06   -3.7313634e-06    2.01237e-06        53.42%    -36.99%
         875         880       1.5710651e-05    5.25169e-06    1.4268351e-05    4.60556e-06    1.7367763e-05    6.14167e-06        -9.18%     10.55%
         880         885       4.6151631e-06    4.47075e-06    4.0464556e-06    3.70189e-06    5.4567437e-06    5.52440e-06       -12.32%     18.24%
         885         890       2.7574089e-06    4.07302e-06    2.3754021e-06    3.32364e-06    3.2469184e-06    5.08239e-06       -13.85%     17.75%
         890         895      -1.7203673e-05    1.21796e-05   -2.3396460e-05    1.58465e-05   -1.2890076e-05    9.59636e-06        36.00%    -25.07%
         895         900       1.5441758e-05    1.44767e-05    1.2429248e-05    1.14211e-05    1.9684830e-05    1.87981e-05       -19.51%     27.48%
         900         905      -2.8085770e-06    5.40160e-06   -3.9836807e-06    6.87025e-06   -1.9795787e-06    4.34037e-06        41.84%    -29.52%
         905         910       1.0845184e-05    5.79003e-06    8.9985170e-06    4.55393e-06    1.3440629e-05    7.54123e-06       -17.03%     23.93%
         910         915       6.9653593e-06    2.94044e-06    6.3239891e-06    2.39898e-06    7.7364321e-06    3.71333e-06        -9.21%     11.07%
         915         920      -1.1520300e-06    2.80679e-06   -2.2269548e-06    3.51776e-06   -4.5981365e-07    2.28796e-06        93.31%    -60.09%
         920         925      -4.1225784e-07    2.72976e-06   -9.3096828e-07    3.46188e-06   -9.7380162e-08    2.21424e-06       125.82%    -76.38%
         925         930       8.9872699e-07    2.05813e-06    7.5644535e-07    2.29906e-06    1.0914857e-06    2.50181e-06       -15.83%     21.45%
         930         935       4.1963242e-06    2.70537e-06    3.8992291e-06    2.14673e-06    4.5562387e-06    3.52341e-06        -7.08%      8.58%
         935         940       5.0936737e-06    3.15495e-06    4.4924825e-06    2.70957e-06    5.8241060e-06    3.74548e-06       -11.80%     14.34%
         940         945      -2.3745684e-07    2.43142e-06   -7.9816045e-07    3.17278e-06    1.4374174e-07    1.91421e-06       236.13%   -160.53%
         945         950       5.7011283e-06    3.00600e-06    5.0657342e-06    2.69365e-06    6.5331603e-06    3.40465e-06       -11.15%     14.59%
         950         955      -7.8613993e-06    5.65424e-06   -1.0240245e-05    7.19107e-06   -6.1061920e-06    4.54600e-06        30.26%    -22.33%
         955         960       8.2341926e-06    7.01976e-06    7.3032254e-06    5.70592e-06    9.3726406e-06    8.82555e-06       -11.31%     13.83%
         960         965       1.1456698e-05    3.93502e-06    9.5103863e-06    3.17905e-06    1.4078500e-05    4.97690e-06       -16.99%     22.88%
         965         970      -7.9830489e-07    2.08322e-06   -1.2448002e-06    2.67600e-06   -4.8803750e-07    1.66359e-06        55.93%    -38.87%
         970         975       1.8808168e-06    6.29590e-06    1.6424516e-06    7.44404e-06    2.0383033e-06    5.40192e-06       -12.67%      8.37%
         975         980       7.5945068e-06    4.47305e-06    6.0304064e-06    3.28453e-06    9.9168105e-06    6.28800e-06       -20.60%     30.58%
         980         985       3.0401274e-06    6.60034e-06    2.9354659e-06    9.04023e-06    3.0701895e-06    7.40099e-06        -3.44%      0.99%
         985         990      -5.4440554e-06    3.54197e-06   -7.4118314e-06    4.61650e-06   -4.0789118e-06    2.78262e-06        36.15%    -25.08%
         990         995       3.0184599e-06    1.08036e-06    2.7004297e-06    9.60616e-07    3.4023534e-06    1.22722e-06       -10.54%     12.72%
         995        1000      -4.4440072e-06    3.23878e-06   -5.9743368e-06    4.13570e-06   -3.3696426e-06    2.59578e-06        34.44%    -24.18%
