#  left-edge  right-edge       scale-central  central-error        scale-min      min-error        scale-max      max-error      rel-down     rel-up
           0           5                   0              0                0              0                0              0            0%         0%
           5          10                   0              0                0              0                0              0            0%         0%
          10          15       0.00019055659    4.34345e-05    0.00017815810    4.08720e-05    0.00020071288    4.55334e-05        -6.51%      5.33%
          15          20        0.0013810758    0.000100884     0.0012801999    9.49718e-05     0.0014653260    0.000105718        -7.30%      6.10%
          20          25        0.0065252547    0.000234832     0.0060580784    0.000221877     0.0069143045    0.000245372        -7.16%      5.96%
          25          30         0.027602334    0.000523831      0.025605610    0.000492229      0.029266400    0.000549640        -7.23%      6.03%
          30          35         0.079917573    0.000927965      0.074000052    0.000868241      0.084868122    0.000977222        -7.40%      6.19%
          35          40          0.17051992     0.00141066       0.15782255     0.00131871       0.18115126     0.00148672        -7.45%      6.23%
          40          45          0.26299050     0.00176930       0.24310381     0.00164994       0.27967344     0.00186826        -7.56%      6.34%
          45          50          0.25432230     0.00175129       0.23534884     0.00163521       0.27019398     0.00184710        -7.46%      6.24%
          50          55          0.21476316     0.00160823       0.19924824     0.00150659       0.22766425     0.00169148        -7.22%      6.01%
          55          60          0.16590049     0.00141973       0.15436139     0.00133401       0.17542936     0.00148950        -6.96%      5.74%
          60          65          0.12698988     0.00123115       0.11847715     0.00115881       0.13397214     0.00128950        -6.70%      5.50%
          65          70         0.096225106     0.00107497      0.090102949     0.00101644       0.10119885     0.00112159        -6.36%      5.17%
          70          75         0.077774097    0.000968536      0.073043976    0.000917446      0.081582083     0.00100888        -6.08%      4.90%
          75          80         0.061476266    0.000894490      0.057956387    0.000854353      0.064276660    0.000925384        -5.73%      4.56%
          80          85         0.046721418    0.000745109      0.044182217    0.000710045      0.048720427    0.000772118        -5.43%      4.28%
          85          90         0.036325052    0.000656773      0.034481014    0.000628500      0.037757157    0.000678163        -5.08%      3.94%
          90          95         0.029954169    0.000597534      0.028510053    0.000573167      0.031063615    0.000615762        -4.82%      3.70%
          95         100         0.024685430    0.000544141      0.023577182    0.000524038      0.025523381    0.000558840        -4.49%      3.39%
         100         105         0.020037887    0.000488769      0.019176081    0.000471536      0.020682476    0.000501205        -4.30%      3.22%
         105         110         0.016691313    0.000449719      0.016034659    0.000435390      0.017171509    0.000459758        -3.93%      2.88%
         110         115         0.014250398    0.000411688      0.013720119    0.000399073      0.014631572    0.000420371        -3.72%      2.67%
         115         120         0.011781987    0.000378257      0.011392242    0.000368442      0.012052764    0.000384638        -3.31%      2.30%
         120         125         0.010150224    0.000349755     0.0098309697    0.000341443      0.010368351    0.000354965        -3.15%      2.15%
         125         130        0.0082841226    0.000311872     0.0080371926    0.000304611     0.0084502194    0.000316435        -2.98%      2.01%
         130         135        0.0072097373    0.000312025     0.0070198749    0.000305486     0.0073317152    0.000315943        -2.63%      1.69%
         135         140        0.0062270456    0.000278806     0.0060962474    0.000275711     0.0063027102    0.000279980        -2.10%      1.22%
         140         145        0.0054202048    0.000363842     0.0053105243    0.000355802     0.0054823271    0.000368759        -2.02%      1.15%
         145         150        0.0043579106    0.000229141     0.0042833562    0.000226924     0.0043953381    0.000229733        -1.71%      0.86%
         150         155        0.0041174464    0.000230504     0.0040598547    0.000229761     0.0041421460    0.000229941        -1.40%      0.60%
         155         160        0.0029086711    0.000183585     0.0028607964    0.000182002     0.0029321747    0.000183889        -1.65%      0.81%
         160         165        0.0029279884    0.000186630     0.0028992438    0.000186077     0.0029342159    0.000185981        -0.98%      0.21%
         165         170        0.0026117177    0.000171794     0.0025860605    0.000170669     0.0026173386    0.000171731        -0.98%      0.22%
         170         175        0.0021842427    0.000155540     0.0021675477    0.000155014     0.0021847259    0.000155050        -0.76%      0.02%
         175         180        0.0019263643    0.000150812     0.0019184369    0.000149391     0.0019263643    0.000150812        -0.41%   0.00000%
         180         185        0.0017390021    0.000144695     0.0017314070    0.000143316     0.0017390021    0.000144695        -0.44%   0.00000%
         185         190        0.0017471603    0.000140915     0.0017409355    0.000140767     0.0017471603    0.000140915        -0.36%   0.00000%
         190         195        0.0013735213    0.000129325     0.0013609611    0.000126897     0.0013781543    0.000131344        -0.91%      0.34%
         195         200        0.0012709619    0.000127325     0.0012577934    0.000124549     0.0012775364    0.000130082        -1.04%      0.52%
         200         205        0.0011465655    0.000112543     0.0011365222    0.000111200     0.0011496722    0.000113308        -0.88%      0.27%
         205         210        0.0011758002    0.000133662     0.0011511617    0.000128671     0.0011961684    0.000138764        -2.10%      1.73%
         210         215       0.00084478357    9.81917e-05    0.00083229249    9.63499e-05    0.00085308319    9.96614e-05        -1.48%      0.98%
         215         220       0.00071223769    0.000104425    0.00070071227    0.000101482    0.00072034182    0.000107190        -1.62%      1.14%
         220         225       0.00051000397    6.63972e-05    0.00050580989    6.57348e-05    0.00051101367    6.66744e-05        -0.82%      0.20%
         225         230       0.00071248093    9.33401e-05    0.00069948354    9.10408e-05    0.00072247314    9.54256e-05        -1.82%      1.40%
         230         235       0.00068930291    9.10534e-05    0.00067444503    8.86817e-05    0.00070150694    9.31949e-05        -2.16%      1.77%
         235         240       0.00058817405    0.000106468    0.00057262255    0.000102393    0.00060201873    0.000110496        -2.64%      2.35%
         240         245       0.00051101225    8.31677e-05    0.00049732702    8.02296e-05    0.00052330875    8.60462e-05        -2.68%      2.41%
         245         250       0.00042897570    6.59000e-05    0.00042036793    6.43987e-05    0.00043601367    6.72478e-05        -2.01%      1.64%
         250         255       0.00044892528    8.29710e-05    0.00043449287    7.92011e-05    0.00046282442    8.69497e-05        -3.21%      3.10%
         255         260       0.00040939748    6.60091e-05    0.00039856971    6.39810e-05    0.00041915238    6.79446e-05        -2.64%      2.38%
         260         265       0.00030940392    6.37667e-05    0.00029958240    6.12588e-05    0.00031873661    6.62844e-05        -3.17%      3.02%
         265         270       0.00037734065    7.75674e-05    0.00036384972    7.42657e-05    0.00039056252    8.09771e-05        -3.58%      3.50%
         270         275       0.00024652671    5.10522e-05    0.00023903642    4.90327e-05    0.00025358620    5.31300e-05        -3.04%      2.86%
         275         280       0.00034557909    0.000113878    0.00032718896    0.000103620    0.00036575221    0.000126171        -5.32%      5.84%
         280         285       0.00027192708    5.29217e-05    0.00026051491    5.02616e-05    0.00028354137    5.57974e-05        -4.20%      4.27%
         285         290       0.00026371270    6.12090e-05    0.00025368197    5.86876e-05    0.00027365511    6.37736e-05        -3.80%      3.77%
         290         295       0.00026999169    6.45507e-05    0.00026060011    6.12549e-05    0.00027897253    6.79676e-05        -3.48%      3.33%
         295         300       0.00027188452    6.67916e-05    0.00025976475    6.31066e-05    0.00028442383    7.08190e-05        -4.46%      4.61%
         300         305       0.00016743899    7.61535e-05    0.00015667729    6.91246e-05    0.00017960090    8.45118e-05        -6.43%      7.26%
         305         310       0.00019875561    5.21584e-05    0.00018939400    4.96713e-05    0.00020856776    5.47727e-05        -4.71%      4.94%
         310         315       0.00010520330    4.08176e-05    0.00010203139    3.86994e-05    0.00010816231    4.30777e-05        -3.02%      2.81%
         315         320       9.6031613e-05    2.92625e-05    9.2587076e-05    2.81709e-05    9.9376018e-05    3.03409e-05        -3.59%      3.48%
         320         325       0.00014606605    3.57899e-05    0.00013952776    3.41062e-05    0.00015285132    3.75675e-05        -4.48%      4.65%
         325         330       0.00010339247    3.35474e-05    9.9620213e-05    3.23863e-05    0.00010709913    3.46805e-05        -3.65%      3.59%
         330         335       0.00014068011    4.46326e-05    0.00013446174    4.26105e-05    0.00014713495    4.67475e-05        -4.42%      4.59%
         335         340       9.5074483e-05    3.06829e-05    9.1079108e-05    2.94344e-05    9.9116475e-05    3.19330e-05        -4.20%      4.25%
         340         345       5.6111965e-05    2.28893e-05    5.3296478e-05    2.16986e-05    5.9103332e-05    2.41661e-05        -5.02%      5.33%
         345         350       6.5347141e-05    2.90942e-05    6.2854646e-05    2.74992e-05    6.7794396e-05    3.08032e-05        -3.81%      3.75%
         350         355       4.5909551e-05    2.20458e-05    4.4063548e-05    2.10862e-05    4.7773225e-05    2.30383e-05        -4.02%      4.06%
         355         360       6.9217182e-05    2.54236e-05    6.6233598e-05    2.43067e-05    7.2309999e-05    2.66016e-05        -4.31%      4.47%
         360         365       8.4549128e-05    3.11872e-05    8.0178978e-05    2.95276e-05    8.9185985e-05    3.29602e-05        -5.17%      5.48%
         365         370       9.8087537e-05    3.29431e-05    9.3007709e-05    3.12655e-05    0.00010346749    3.47280e-05        -5.18%      5.48%
         370         375       3.2432792e-05    1.60995e-05    3.0963538e-05    1.53262e-05    3.3970465e-05    1.69188e-05        -4.53%      4.74%
         375         380       3.6623570e-05    1.72479e-05    3.4937980e-05    1.64224e-05    3.8379319e-05    1.81159e-05        -4.60%      4.79%
         380         385       3.1873817e-05    1.63143e-05    3.0559553e-05    1.55995e-05    3.3208875e-05    1.70566e-05        -4.12%      4.19%
         385         390       1.1219255e-05    8.21692e-06    1.0537431e-05    7.70676e-06    1.1945118e-05    8.76223e-06        -6.08%      6.47%
         390         395       5.2830956e-05    2.73246e-05    5.0638611e-05    2.62902e-05    5.5069063e-05    2.83637e-05        -4.15%      4.24%
         395         400       2.2579173e-05    1.31180e-05    2.1302064e-05    1.23861e-05    2.3972472e-05    1.39256e-05        -5.66%      6.17%
         400         405       2.3542513e-05    1.42897e-05    2.2505951e-05    1.37360e-05    2.4603227e-05    1.48429e-05        -4.40%      4.51%
         405         410       2.7524618e-05    1.44256e-05    2.6292773e-05    1.37327e-05    2.8789930e-05    1.51467e-05        -4.48%      4.60%
         410         415       3.4650547e-05    1.76350e-05    3.2933556e-05    1.67983e-05    3.6480245e-05    1.85279e-05        -4.96%      5.28%
         415         420       7.2568980e-05    3.05156e-05    6.7525749e-05    2.84086e-05    7.8222043e-05    3.28777e-05        -6.95%      7.79%
         420         425       1.7607969e-05    1.27605e-05    1.6279870e-05    1.18323e-05    1.9115373e-05    1.38116e-05        -7.54%      8.56%
         425         430       4.0886986e-05    2.00332e-05    3.8422357e-05    1.87872e-05    4.3591367e-05    2.14131e-05        -6.03%      6.61%
         430         435       1.8562394e-05    1.16624e-05    1.7551008e-05    1.10521e-05    1.9650600e-05    1.23139e-05        -5.45%      5.86%
         435         440       3.1060546e-05    2.20534e-05    2.9165443e-05    2.06935e-05    3.3124298e-05    2.35340e-05        -6.10%      6.64%
         440         445       3.0566680e-05    1.84585e-05    2.8645289e-05    1.72891e-05    3.2675727e-05    1.97552e-05        -6.29%      6.90%
         445         450       2.6634005e-05    1.68642e-05    2.4650330e-05    1.56475e-05    2.8871336e-05    1.82298e-05        -7.45%      8.40%
         450         455       0.00011586383    6.84168e-05    0.00010561928    6.16767e-05    0.00012791109    7.64589e-05        -8.84%     10.40%
         455         460       1.1760127e-05    8.87219e-06    1.1175742e-05    8.35512e-06    1.2372253e-05    9.42693e-06        -4.97%      5.21%
         460         465       2.8794228e-05    1.45266e-05    2.7012283e-05    1.36122e-05    3.0755289e-05    1.55438e-05        -6.19%      6.81%
         465         470       6.1638817e-06    6.16378e-06    5.8225097e-06    5.82241e-06    6.5323987e-06    6.53230e-06        -5.54%      5.98%
         470         475       5.6005592e-06    5.60057e-06    5.1644418e-06    5.16445e-06    6.0960733e-06    6.09609e-06        -7.79%      8.85%
         475         480       2.0166179e-05    1.49874e-05    1.9131733e-05    1.41649e-05    2.1252702e-05    1.58616e-05        -5.13%      5.39%
         480         485       1.6805923e-05    1.12631e-05    1.5880775e-05    1.07121e-05    1.7826002e-05    1.18483e-05        -5.50%      6.07%
         485         490                   0              0                0              0                0              0            0%         0%
         490         495       2.4666679e-05    1.43745e-05    2.2668058e-05    1.31954e-05    2.6962881e-05    1.57328e-05        -8.10%      9.31%
         495         500       3.3677457e-05    2.82345e-05    3.1287157e-05    2.61908e-05    3.6377049e-05    3.05536e-05        -7.10%      8.02%
         500         505       7.4047798e-06    5.26060e-06    7.0347842e-06    4.99994e-06    7.7970684e-06    5.53677e-06        -5.00%      5.30%
         505         510       3.0043220e-05    2.28432e-05    2.7545125e-05    2.09321e-05    3.2936413e-05    2.50561e-05        -8.32%      9.63%
         510         515       3.2014658e-05    1.90813e-05    3.0083297e-05    1.79453e-05    3.4133800e-05    2.03257e-05        -6.03%      6.62%
         515         520       4.5675394e-06    4.56755e-06    4.1769831e-06    4.17699e-06    5.0170474e-06    5.01706e-06        -8.55%      9.84%
         520         525       5.0998634e-06    5.09987e-06    4.7333970e-06    4.73341e-06    5.5140733e-06    5.51409e-06        -7.19%      8.12%
         525         530                   0              0                0              0                0              0            0%         0%
         530         535       9.6717887e-06    7.31377e-06    8.7943848e-06    6.62662e-06    1.0695256e-05    8.12139e-06        -9.07%     10.58%
         535         540       1.2461844e-05    9.76508e-06    1.1506164e-05    8.97982e-06    1.3547857e-05    1.06633e-05        -7.67%      8.71%
         540         545       6.4352897e-06    5.40301e-06    5.9652244e-06    5.10002e-06    6.9910341e-06    5.74338e-06        -7.30%      8.64%
         545         550       1.7880953e-05    1.39669e-05    1.6758985e-05    1.31199e-05    1.9119203e-05    1.48991e-05        -6.27%      6.92%
         550         555       5.5908311e-07    5.59085e-07    4.4550480e-07    4.45506e-07    6.4314154e-07    6.43143e-07       -20.32%     15.04%
         555         560       1.8997408e-05    1.35892e-05    1.7539588e-05    1.25081e-05    2.0668278e-05    1.48436e-05        -7.67%      8.80%
         560         565       6.8227048e-06    6.82272e-06    6.1905942e-06    6.19061e-06    7.5613232e-06    7.56134e-06        -9.26%     10.83%
         565         570                   0              0                0              0                0              0            0%         0%
         570         575                   0              0                0              0                0              0            0%         0%
         575         580                   0              0                0              0                0              0            0%         0%
         580         585                   0              0                0              0                0              0            0%         0%
         585         590       6.1044422e-06    6.10446e-06    5.7670186e-06    5.76703e-06    6.4644628e-06    6.46448e-06        -5.53%      5.90%
         590         595                   0              0                0              0                0              0            0%         0%
         595         600                   0              0                0              0                0              0            0%         0%
         600         605                   0              0                0              0                0              0            0%         0%
         605         610                   0              0                0              0                0              0            0%         0%
         610         615                   0              0                0              0                0              0            0%         0%
         615         620                   0              0                0              0                0              0            0%         0%
         620         625       5.2094749e-06    5.20949e-06    4.7746411e-06    4.77465e-06    5.7053306e-06    5.70534e-06        -8.35%      9.52%
         625         630       2.1375750e-07    2.13758e-07    1.7177047e-07    1.71771e-07    2.4404813e-07    2.44049e-07       -19.64%     14.17%
         630         635                   0              0                0              0                0              0            0%         0%
         635         640       1.1696125e-05    1.16962e-05    1.0699867e-05    1.06999e-05    1.2857096e-05    1.28571e-05        -8.52%      9.93%
         640         645                   0              0                0              0                0              0            0%         0%
         645         650                   0              0                0              0                0              0            0%         0%
         650         655                   0              0                0              0                0              0            0%         0%
         655         660       8.2343155e-10    8.23434e-10    5.7361585e-10    5.73617e-10    1.2284092e-09    1.22841e-09       -30.34%     49.18%
         660         665                   0              0                0              0                0              0            0%         0%
         665         670       1.2339466e-05    1.23395e-05    1.1365580e-05    1.13656e-05    1.3462166e-05    1.34622e-05        -7.89%      9.10%
         670         675                   0              0                0              0                0              0            0%         0%
         675         680       1.0458824e-06    1.04588e-06    8.9689646e-07    8.96898e-07    1.2357680e-06    1.23577e-06       -14.24%     18.16%
         680         685                   0              0                0              0                0              0            0%         0%
         685         690      -1.5022962e-14    1.50230e-14   -1.7529537e-14    1.75296e-14   -1.2307209e-14    1.23072e-14        16.68%    -18.08%
         690         695                   0              0                0              0                0              0            0%         0%
         695         700       6.1403693e-06    6.14038e-06    5.6403962e-06    5.64041e-06    6.7148991e-06    6.71491e-06        -8.14%      9.36%
         700         705      -4.8080269e-09    4.80804e-09   -6.8101990e-09    6.81021e-09   -3.5071311e-09    3.50714e-09        41.64%    -27.06%
         705         710                   0              0                0              0                0              0            0%         0%
         710         715                   0              0                0              0                0              0            0%         0%
         715         720       5.4253281e-06    5.42534e-06    5.0405806e-06    5.04059e-06    5.8592625e-06    5.85928e-06        -7.09%      8.00%
         720         725                   0              0                0              0                0              0            0%         0%
         725         730                   0              0                0              0                0              0            0%         0%
         730         735       6.1596372e-06    6.15965e-06    5.7130461e-06    5.71306e-06    6.6608179e-06    6.66083e-06        -7.25%      8.14%
         735         740                   0              0                0              0                0              0            0%         0%
         740         745                   0              0                0              0                0              0            0%         0%
         745         750                   0              0                0              0                0              0            0%         0%
         750         755                   0              0                0              0                0              0            0%         0%
         755         760       5.0158740e-06    5.01589e-06    4.5141403e-06    4.51415e-06    5.6286548e-06    5.62867e-06       -10.00%     12.22%
         760         765       1.9993398e-05    1.99934e-05    1.7729650e-05    1.77297e-05    2.2761084e-05    2.27611e-05       -11.32%     13.84%
         765         770                   0              0                0              0                0              0            0%         0%
         770         775                   0              0                0              0                0              0            0%         0%
         775         780                   0              0                0              0                0              0            0%         0%
         780         785       1.1096399e-05    1.10964e-05    9.8730753e-06    9.87310e-06    1.2576969e-05    1.25770e-05       -11.02%     13.34%
         785         790                   0              0                0              0                0              0            0%         0%
         790         795                   0              0                0              0                0              0            0%         0%
         795         800                   0              0                0              0                0              0            0%         0%
         800         805                   0              0                0              0                0              0            0%         0%
         805         810                   0              0                0              0                0              0            0%         0%
         810         815       5.7238481e-06    5.72386e-06    5.1438239e-06    5.14384e-06    6.4159844e-06    6.41600e-06       -10.13%     12.09%
         815         820                   0              0                0              0                0              0            0%         0%
         820         825                   0              0                0              0                0              0            0%         0%
         825         830                   0              0                0              0                0              0            0%         0%
         830         835                   0              0                0              0                0              0            0%         0%
         835         840                   0              0                0              0                0              0            0%         0%
         840         845                   0              0                0              0                0              0            0%         0%
         845         850                   0              0                0              0                0              0            0%         0%
         850         855                   0              0                0              0                0              0            0%         0%
         855         860                   0              0                0              0                0              0            0%         0%
         860         865                   0              0                0              0                0              0            0%         0%
         865         870                   0              0                0              0                0              0            0%         0%
         870         875                   0              0                0              0                0              0            0%         0%
         875         880                   0              0                0              0                0              0            0%         0%
         880         885                   0              0                0              0                0              0            0%         0%
         885         890                   0              0                0              0                0              0            0%         0%
         890         895                   0              0                0              0                0              0            0%         0%
         895         900                   0              0                0              0                0              0            0%         0%
         900         905                   0              0                0              0                0              0            0%         0%
         905         910                   0              0                0              0                0              0            0%         0%
         910         915                   0              0                0              0                0              0            0%         0%
         915         920                   0              0                0              0                0              0            0%         0%
         920         925                   0              0                0              0                0              0            0%         0%
         925         930                   0              0                0              0                0              0            0%         0%
         930         935                   0              0                0              0                0              0            0%         0%
         935         940                   0              0                0              0                0              0            0%         0%
         940         945                   0              0                0              0                0              0            0%         0%
         945         950                   0              0                0              0                0              0            0%         0%
         950         955                   0              0                0              0                0              0            0%         0%
         955         960                   0              0                0              0                0              0            0%         0%
         960         965                   0              0                0              0                0              0            0%         0%
         965         970                   0              0                0              0                0              0            0%         0%
         970         975                   0              0                0              0                0              0            0%         0%
         975         980                   0              0                0              0                0              0            0%         0%
         980         985                   0              0                0              0                0              0            0%         0%
         985         990                   0              0                0              0                0              0            0%         0%
         990         995                   0              0                0              0                0              0            0%         0%
         995        1000                   0              0                0              0                0              0            0%         0%
