#  left-edge  right-edge       scale-central  central-error        scale-min      min-error        scale-max      max-error      rel-down     rel-up
           0         0.1       5.0124744e-05    1.86473e-05    4.7158462e-05    1.75937e-05    5.2559135e-05    1.95073e-05        -5.92%      4.86%
         0.1         0.2        0.0010337472    5.74048e-05    0.00094556809    5.26179e-05     0.0011105406    6.15743e-05        -8.53%      7.43%
         0.2         0.3        0.0018473899    9.05032e-05     0.0016802586    8.27079e-05     0.0019946699    9.73631e-05        -9.05%      7.97%
         0.3         0.4        0.0020264479    9.46550e-05     0.0018390467    8.56219e-05     0.0021919166    0.000102728        -9.25%      8.17%
         0.4         0.5        0.0019943047    7.93250e-05     0.0018154246    7.24345e-05     0.0021516488    8.53919e-05        -8.97%      7.89%
         0.5         0.6        0.0025467828    9.18518e-05     0.0023052032    8.34491e-05     0.0027609974    9.93210e-05        -9.49%      8.41%
         0.6         0.7        0.0030335387    9.60603e-05     0.0027442511    8.77601e-05     0.0032907579    0.000103386        -9.54%      8.48%
         0.7         0.8        0.0034990168    0.000119546     0.0031622436    0.000107695     0.0037987652    0.000130244        -9.62%      8.57%
         0.8         0.9        0.0040824234    0.000129471     0.0036835027    0.000116865     0.0044380115    0.000140857        -9.77%      8.71%
         0.9           1        0.0050265521    0.000128811     0.0045420351    0.000119914     0.0054586519    0.000136724        -9.64%      8.60%
           1         1.1        0.0058430813    0.000126328     0.0052618435    0.000115542     0.0063639531    0.000135930        -9.95%      8.91%
         1.1         1.2        0.0070482103    0.000167319     0.0063476330    0.000157480     0.0076764323    0.000175995        -9.94%      8.91%
         1.2         1.3        0.0084662559    0.000157143     0.0076077498    0.000144437     0.0092381489    0.000168341       -10.14%      9.12%
         1.3         1.4         0.010202080    0.000144523     0.0091528216    0.000131393      0.011147331    0.000156236       -10.28%      9.27%
         1.4         1.5         0.012220971    0.000200304      0.010953010    0.000182178      0.013365295    0.000216514       -10.38%      9.36%
         1.5         1.6         0.014716734    0.000298405      0.013174314    0.000266880      0.016111426    0.000327049       -10.48%      9.48%
         1.6         1.7         0.018872786    0.000214619      0.016892188    0.000195873      0.020665140    0.000231454       -10.49%      9.50%
         1.7         1.8         0.022011702    0.000215664      0.019674820    0.000195494      0.024129661    0.000233779       -10.62%      9.62%
         1.8         1.9         0.027377921    0.000273729      0.024458094    0.000247540      0.030024078    0.000297398       -10.66%      9.67%
         1.9           2         0.033626877    0.000300713      0.030056242    0.000272989      0.036861073    0.000325689       -10.62%      9.62%
           2         2.1         0.041788601    0.000280219      0.037327376    0.000253118      0.045832440    0.000304676       -10.68%      9.68%
         2.1         2.2         0.057613256    0.000399288      0.051488974    0.000358017      0.063160498    0.000437019       -10.63%      9.63%
         2.2         2.3         0.087875593    0.000389182      0.078582272    0.000351357      0.096289253    0.000423762       -10.58%      9.57%
         2.3         2.4          0.13708967    0.000457173       0.12266998    0.000413687       0.15013050    0.000496313       -10.52%      9.51%
         2.4         2.5          0.20560294    0.000783089       0.18387412    0.000734089       0.22527457    0.000828436       -10.57%      9.57%
         2.5         2.6          0.29227843    0.000905811       0.26098789    0.000810691       0.32065169    0.000993389       -10.71%      9.71%
         2.6         2.7          0.40494993    0.000764734       0.36123380    0.000690555       0.44464708    0.000831712       -10.80%      9.80%
         2.7         2.8          0.54372279    0.000989050       0.48440789    0.000890542       0.59767857     0.00107837       -10.91%      9.92%
         2.8         2.9          0.70358199     0.00102994       0.62607218    0.000926757       0.77420894     0.00112352       -11.02%     10.04%
         2.9           3          0.87381838     0.00122134       0.77664458     0.00109660       0.96251725     0.00133490       -11.12%     10.15%
           3         3.1           1.0612386     0.00146777       0.94248745     0.00131918        1.1697457     0.00160307       -11.19%     10.22%
         3.1         3.2          0.99841346     0.00141031       0.88598731     0.00126017        1.1012368     0.00154778       -11.26%     10.30%
         3.2         3.3          0.56718095     0.00153392       0.50309136     0.00136681       0.62582291     0.00168760       -11.30%     10.34%
         3.3         3.4          0.39486147    0.000926369       0.34995999    0.000829740       0.43597912     0.00101444       -11.37%     10.41%
         3.4         3.5          0.28246529     0.00104124       0.25023442    0.000937412       0.31199582     0.00113491       -11.41%     10.45%
         3.5         3.6          0.20820530    0.000796695       0.18448280    0.000712058       0.22992943    0.000874469       -11.39%     10.43%
         3.6         3.7          0.15320775    0.000713521       0.13569715    0.000637644       0.16925240    0.000782818       -11.43%     10.47%
         3.7         3.8          0.11197445    0.000708908      0.099118733    0.000631637       0.12376018    0.000779473       -11.48%     10.53%
         3.8         3.9         0.082440777    0.000494423      0.072915822    0.000440655      0.091181243    0.000543519       -11.55%     10.60%
         3.9           4         0.060131603    0.000599810      0.053206911    0.000538444      0.066480776    0.000655083       -11.52%     10.56%
           4         4.1         0.040015448    0.000367568      0.035373020    0.000327397      0.044277084    0.000404258       -11.60%     10.65%
         4.1         4.2         0.027501111    0.000316211      0.024301630    0.000281581      0.030440492    0.000347813       -11.63%     10.69%
         4.2         4.3         0.016965907    0.000270091      0.014979289    0.000247051      0.018791000    0.000291111       -11.71%     10.76%
         4.3         4.4        0.0096930635    0.000227776     0.0085749211    0.000202320      0.010717952    0.000251034       -11.54%     10.57%
         4.4         4.5        0.0054709716    0.000159643     0.0048448688    0.000142458     0.0060440787    0.000175250       -11.44%     10.48%
         4.5         4.6        0.0024746632    0.000112642     0.0021953511    0.000100330     0.0027293971    0.000123833       -11.29%     10.29%
         4.6         4.7        0.0012887742    9.44933e-05     0.0011416447    8.44882e-05     0.0014232568    0.000103516       -11.42%     10.43%
         4.7         4.8       0.00052791270    4.23289e-05    0.00046926113    3.77984e-05    0.00058119097    4.64506e-05       -11.11%     10.09%
         4.8         4.9       0.00027679242    3.04248e-05    0.00024730177    2.73105e-05    0.00030347574    3.32167e-05       -10.65%      9.64%
         4.9           5       8.6922424e-05    2.13332e-05    7.6483002e-05    1.89087e-05    9.6513632e-05    2.35523e-05       -12.01%     11.03%
           5         5.1       2.2707693e-05    5.64506e-06    2.0433893e-05    5.08370e-06    2.4734417e-05    6.14511e-06       -10.01%      8.93%
         5.1         5.2       7.9453903e-06    3.07552e-06    7.0986606e-06    2.74791e-06    8.7097909e-06    3.37121e-06       -10.66%      9.62%
         5.2         5.3       2.3999923e-07    1.69760e-07    2.1604280e-07    1.52815e-07    2.6132179e-07    1.84842e-07        -9.98%      8.88%
         5.3         5.4                   0              0                0              0                0              0            0%         0%
         5.4         5.5                   0              0                0              0                0              0            0%         0%
         5.5         5.6                   0              0                0              0                0              0            0%         0%
         5.6         5.7                   0              0                0              0                0              0            0%         0%
         5.7         5.8                   0              0                0              0                0              0            0%         0%
         5.8         5.9                   0              0                0              0                0              0            0%         0%
         5.9           6                   0              0                0              0                0              0            0%         0%
           6         6.1                   0              0                0              0                0              0            0%         0%
         6.1         6.2                   0              0                0              0                0              0            0%         0%
         6.2         6.3                   0              0                0              0                0              0            0%         0%
         6.3         6.4                   0              0                0              0                0              0            0%         0%
         6.4         6.5                   0              0                0              0                0              0            0%         0%
         6.5         6.6                   0              0                0              0                0              0            0%         0%
         6.6         6.7                   0              0                0              0                0              0            0%         0%
         6.7         6.8                   0              0                0              0                0              0            0%         0%
         6.8         6.9                   0              0                0              0                0              0            0%         0%
         6.9           7                   0              0                0              0                0              0            0%         0%
           7         7.1                   0              0                0              0                0              0            0%         0%
         7.1         7.2                   0              0                0              0                0              0            0%         0%
         7.2         7.3                   0              0                0              0                0              0            0%         0%
         7.3         7.4                   0              0                0              0                0              0            0%         0%
         7.4         7.5                   0              0                0              0                0              0            0%         0%
         7.5         7.6                   0              0                0              0                0              0            0%         0%
         7.6         7.7                   0              0                0              0                0              0            0%         0%
         7.7         7.8                   0              0                0              0                0              0            0%         0%
         7.8         7.9                   0              0                0              0                0              0            0%         0%
         7.9           8                   0              0                0              0                0              0            0%         0%
           8         8.1                   0              0                0              0                0              0            0%         0%
         8.1         8.2                   0              0                0              0                0              0            0%         0%
         8.2         8.3                   0              0                0              0                0              0            0%         0%
         8.3         8.4                   0              0                0              0                0              0            0%         0%
         8.4         8.5                   0              0                0              0                0              0            0%         0%
         8.5         8.6                   0              0                0              0                0              0            0%         0%
         8.6         8.7                   0              0                0              0                0              0            0%         0%
         8.7         8.8                   0              0                0              0                0              0            0%         0%
         8.8         8.9                   0              0                0              0                0              0            0%         0%
         8.9           9                   0              0                0              0                0              0            0%         0%
           9         9.1                   0              0                0              0                0              0            0%         0%
         9.1         9.2                   0              0                0              0                0              0            0%         0%
         9.2         9.3                   0              0                0              0                0              0            0%         0%
         9.3         9.4                   0              0                0              0                0              0            0%         0%
         9.4         9.5                   0              0                0              0                0              0            0%         0%
         9.5         9.6                   0              0                0              0                0              0            0%         0%
         9.6         9.7                   0              0                0              0                0              0            0%         0%
         9.7         9.8                   0              0                0              0                0              0            0%         0%
         9.8         9.9                   0              0                0              0                0              0            0%         0%
         9.9          10                   0              0                0              0                0              0            0%         0%
