#  left-edge  right-edge       scale-central  central-error        scale-min      min-error        scale-max      max-error      rel-down     rel-up
           0           5          0.11700215      0.0246903      0.094123044      0.0170821       0.14869786      0.0378443       -19.55%     27.09%
           5          10          0.20206963      0.0542652       0.18185699      0.0430615       0.21783780      0.0645638       -10.00%      7.80%
          10          15         0.094023376      0.0550715      0.088678219      0.0384470      0.098440979      0.0620465        -5.68%      4.70%
          15          20         0.097555360      0.0114235      0.081418694     0.00819834       0.11870717      0.0166509       -16.54%     21.68%
          20          25         0.081530353      0.0150787      0.068275124      0.0110265      0.099062544      0.0214475       -16.26%     21.50%
          25          30          0.10915892      0.0173851      0.088913889      0.0122331       0.13721277      0.0255068       -18.55%     25.70%
          30          35         0.082494859     0.00991091      0.071283513     0.00733941      0.096135973      0.0138912       -13.59%     16.54%
          35          40          0.12550297      0.0165708       0.10633470      0.0125250       0.15024559      0.0225988       -15.27%     19.71%
          40          45          0.11060386      0.0288142      0.095976291      0.0218005       0.12815479      0.0392282       -13.23%     15.87%
          45          50         0.079478655      0.0117430      0.070161776     0.00885545      0.090119750      0.0160686       -11.72%     13.39%
          50          55         0.083738855     0.00729172      0.070119453     0.00540149       0.10117554      0.0100885       -16.26%     20.82%
          55          60         0.044886745     0.00707047      0.038458237     0.00521487      0.052705967     0.00983614       -14.32%     17.42%
          60          65         0.046330104     0.00548656      0.038185278     0.00401169      0.057011756     0.00770855       -17.58%     23.06%
          65          70         0.028618442     0.00389104      0.024151148     0.00277285      0.034293137     0.00566553       -15.61%     19.83%
          70          75         0.027722475     0.00265495      0.023144119     0.00195543      0.033605341     0.00372670       -16.51%     21.22%
          75          80        0.0066438852     0.00523876     0.0042700712     0.00728648     0.0075705354     0.00395537       -35.73%     13.95%
          80          85         0.019585027     0.00279880      0.016206193     0.00205646      0.023947737     0.00391485       -17.25%     22.28%
          85          90        0.0046697098     0.00438820     0.0037942097     0.00621285     0.0049021293     0.00318581       -18.75%      4.98%
          90          95         0.015396794     0.00271564      0.012323089     0.00194539      0.019672026     0.00393328       -19.96%     27.77%
          95         100        0.0042810658     0.00174769     0.0039864859     0.00245552     0.0043996154     0.00165090        -6.88%      2.77%
         100         105        0.0071988115     0.00155629     0.0060923826     0.00114810     0.0085631353     0.00216820       -15.37%     18.95%
         105         110        0.0093578587     0.00269124     0.0076294965     0.00198085      0.011651060     0.00375074       -18.47%     24.51%
         110         115        0.0042522528     0.00153277     0.0036601843     0.00111948     0.0049351350     0.00215588       -13.92%     16.06%
         115         120        0.0028707827     0.00100536     0.0025263180    0.000731405     0.0032474240     0.00133448       -12.00%     13.12%
         120         125        0.0041370859    0.000992488     0.0033800980    0.000734520     0.0051349302     0.00137780       -18.30%     24.12%
         125         130        0.0018600740    0.000994022     0.0017841903    0.000764168     0.0018600740    0.000994022        -4.08%   0.00000%
         130         135        0.0030261402    0.000761437     0.0025959372    0.000573791     0.0035199842     0.00104792       -14.22%     16.32%
         135         140        0.0021477637    0.000490569     0.0018162751    0.000361756     0.0025476945    0.000688692       -15.43%     18.62%
         140         145        0.0016991521    0.000503448     0.0014421204    0.000363193     0.0020128228    0.000659267       -15.13%     18.46%
         145         150        0.0016410088    0.000333339     0.0013386919    0.000239610     0.0020421072    0.000482542       -18.42%     24.44%
         150         155       0.00066866052    0.000365575    0.00060254446    0.000286222    0.00074024963    0.000479011        -9.89%     10.71%
         155         160       0.00013951088    0.000669018   -0.00013221588    0.000987187    0.00026574414    0.000469078      -194.77%     90.48%
         160         165       0.00074566871    0.000250756    0.00063442775    0.000191853    0.00087375069    0.000340890       -14.92%     17.18%
         165         170        0.0010226388    0.000216733    0.00081502971    0.000161600     0.0013103492    0.000300732       -20.30%     28.13%
         170         175       0.00066270841    0.000242687    0.00056313500    0.000188011    0.00077796901    0.000325661       -15.03%     17.39%
         175         180       0.00026499877    0.000153730    0.00024605715    0.000123578    0.00028113327    0.000197150        -7.15%      6.09%
         180         185       0.00062135082    0.000187527    0.00052055432    0.000147333    0.00074609241    0.000246647       -16.22%     20.08%
         185         190       0.00056463261    0.000153218    0.00044495456    0.000115913    0.00073183719    0.000209120       -21.20%     29.61%
         190         195       0.00044215617    0.000119539    0.00035210226    8.99706e-05    0.00056513697    0.000164099       -20.37%     27.81%
         195         200       0.00017720867    9.68751e-05    0.00016274660    0.000125434    0.00017873722    0.000104855        -8.16%      0.86%
         200         205       0.00026576702    0.000114654    0.00023482299    8.96646e-05    0.00029499628    0.000140497       -11.64%     11.00%
         205         210       0.00020636659    9.16883e-05    0.00018242080    7.35208e-05    0.00022862484    0.000119602       -11.60%     10.79%
         210         215       7.7723359e-05    6.12096e-05    6.3437280e-05    6.61727e-05    9.1831701e-05    7.84731e-05       -18.38%     18.15%
         215         220       0.00024867366    7.26276e-05    0.00019564895    5.54538e-05    0.00032324379    9.89244e-05       -21.32%     29.99%
         220         225       0.00018623757    5.36917e-05    0.00015832885    4.59273e-05    0.00021858658    6.53787e-05       -14.99%     17.37%
         225         230       0.00014929391    6.53024e-05    0.00012137515    4.98195e-05    0.00018531318    8.82111e-05       -18.70%     24.13%
         230         235       0.00010514037    5.18956e-05    9.1153099e-05    4.93251e-05    0.00012040564    5.27604e-05       -13.30%     14.52%
         235         240       0.00013567623    7.04345e-05    0.00011250138    5.49446e-05    0.00016509334    9.23934e-05       -17.08%     21.68%
         240         245       9.5919845e-05    5.12464e-05    7.4776707e-05    3.91298e-05    0.00012518280    6.87460e-05       -22.04%     30.51%
         245         250       0.00044839892    0.000284777    0.00036420081    0.000224004    0.00055714536    0.000369360       -18.78%     24.25%
         250         255       7.4859618e-05    4.37000e-05    6.1477744e-05    3.38446e-05    9.1768237e-05    5.80348e-05       -17.88%     22.59%
         255         260       2.9635542e-05    3.33768e-05    2.4832465e-05    2.58106e-05    3.5396654e-05    4.43411e-05       -16.21%     19.44%
         260         265       0.00011349407    6.69174e-05    8.9080042e-05    5.20358e-05    0.00014692091    8.77659e-05       -21.51%     29.45%
         265         270       7.7196411e-05    2.89718e-05    6.1265011e-05    2.28313e-05    9.8886142e-05    3.77682e-05       -20.64%     28.10%
         270         275       3.4681612e-05    2.36396e-05    2.7121519e-05    1.80845e-05    4.5297672e-05    3.16750e-05       -21.80%     30.61%
         275         280       2.5185507e-05    2.18394e-05    2.0831463e-05    1.64444e-05    3.0899122e-05    2.67280e-05       -17.29%     22.69%
         280         285       4.4959631e-05    3.28899e-05    3.6118151e-05    2.51868e-05    5.7008298e-05    4.41601e-05       -19.67%     26.80%
         285         290       2.3268096e-05    1.17923e-05    1.6792528e-05    8.64284e-06    3.3309840e-05    1.67044e-05       -27.83%     43.16%
         290         295       3.5096903e-05    1.41771e-05    2.8589427e-05    1.13965e-05    4.3958653e-05    1.80653e-05       -18.54%     25.25%
         295         300       1.4047883e-05    1.01949e-05    1.2560062e-05    9.10416e-06    1.5819070e-05    1.15109e-05       -10.59%     12.61%
         300         305       1.8700265e-05    6.65783e-06    1.3068666e-05    4.63738e-06    2.7610630e-05    9.88251e-06       -30.12%     47.65%
         305         310       3.1978771e-05    2.07717e-05    2.7499251e-05    1.68384e-05    3.6685281e-05    2.61814e-05       -14.01%     14.72%
         310         315       2.5991003e-05    2.36664e-05    2.1725909e-05    1.94913e-05    2.8910130e-05    2.62013e-05       -16.41%     11.23%
         315         320       2.8443229e-05    1.77568e-05    2.2513666e-05    1.39579e-05    3.6829019e-05    2.31744e-05       -20.85%     29.48%
         320         325       1.4529619e-05    6.84478e-06    1.2192589e-05    5.51889e-06    1.7253233e-05    8.90883e-06       -16.08%     18.75%
         325         330       8.0572700e-06    4.13948e-06    6.2131419e-06    3.02232e-06    1.0673022e-05    5.90059e-06       -22.89%     32.46%
         330         335       0.00010813075    6.82285e-05    8.9078229e-05    5.43147e-05    0.00013152181    8.76419e-05       -17.62%     21.63%
         335         340       6.8130193e-07    3.78291e-06    4.2644173e-07    4.28177e-06    8.9512361e-07    4.86167e-06       -37.41%     31.38%
         340         345       5.7886504e-05    3.58313e-05    4.4817009e-05    2.77376e-05    7.6224451e-05    4.71840e-05       -22.58%     31.68%
         345         350       4.4843349e-05    3.35109e-05    3.4972635e-05    2.61248e-05    5.8507196e-05    4.37888e-05       -22.01%     30.47%
         350         355       1.1141026e-05    6.58629e-06    6.9589565e-06    4.63663e-06    1.4710917e-05    8.99094e-06       -37.54%     32.04%
         355         360      -5.7691158e-07    2.48845e-06   -1.6718573e-06    3.11363e-06    9.4971776e-08    2.33903e-06       189.79%   -116.46%
         360         365       1.4428950e-05    8.85990e-06    1.1827418e-05    7.15065e-06    1.7794189e-05    1.09236e-05       -18.03%     23.32%
         365         370       0.00013176753    0.000109617    9.9895051e-05    7.93345e-05    0.00017773053    0.000156498       -24.19%     34.88%
         370         375       4.6634565e-05    2.93415e-05    3.6350414e-05    2.27162e-05    6.0898386e-05    3.86505e-05       -22.05%     30.59%
         375         380      -5.2762248e-07    2.09137e-06   -1.1839166e-06    2.95007e-06   -1.6210964e-07    1.53788e-06       124.39%    -69.28%
         380         385       1.2094015e-05    1.05723e-05    9.2731388e-06    8.16343e-06    1.6137006e-05    1.39744e-05       -23.32%     33.43%
         385         390       1.9898790e-05    1.17283e-05    1.6449342e-05    9.39927e-06    2.4478255e-05    1.49383e-05       -17.33%     23.01%
         390         395       2.8330773e-05    2.97083e-05    2.1527619e-05    2.34244e-05    3.1632812e-05    3.26903e-05       -24.01%     11.66%
         395         400      -8.8128833e-05    8.84330e-05   -0.00012878690    0.000129303   -6.1992171e-05    6.21759e-05        46.13%    -29.66%
         400         405       3.2902175e-07    4.61916e-07    2.1857645e-07    3.22759e-07    5.1143579e-07    6.81626e-07       -33.57%     55.44%
         405         410      -2.4509600e-06    2.28897e-06   -3.7082718e-06    3.44348e-06   -1.6692952e-06    1.56955e-06        51.30%    -31.89%
         410         415       1.2646121e-06    1.26246e-06    8.9228337e-07    8.97639e-07    1.8414609e-06    1.82340e-06       -29.44%     45.61%
         415         420       0.00024511143    0.000243219    0.00017127402    0.000169571    0.00036139312    0.000359364       -30.12%     47.44%
         420         425       7.6244172e-07    4.85150e-07    6.0199537e-07    3.86557e-07    9.8582116e-07    6.20452e-07       -21.04%     29.30%
         425         430      -3.6330620e-06    3.59634e-06   -5.0619284e-06    5.03927e-06   -2.6640572e-06    2.62721e-06        39.33%    -26.67%
         430         435       1.0224067e-06    6.57009e-07    7.2157345e-07    4.61486e-07    1.4917227e-06    9.62199e-07       -29.42%     45.90%
         435         440       6.2226285e-07    1.03448e-06    3.7092322e-07    7.26859e-07    1.0532367e-06    1.51655e-06       -40.39%     69.26%
         440         445       5.1866128e-07    8.10427e-07    3.9461358e-07    5.96910e-07    7.0261342e-07    1.13103e-06       -23.92%     35.47%
         445         450       3.4087584e-06    3.12025e-06    2.6004363e-06    2.38541e-06    4.6084592e-06    4.21009e-06       -23.71%     35.19%
         450         455       1.1189245e-05    1.10008e-05    8.5402804e-06    8.41240e-06    1.4969244e-05    1.46827e-05       -23.67%     33.78%
         455         460       1.2998520e-05    1.29264e-05    9.9021833e-06    9.84355e-06    1.7431481e-05    1.73426e-05       -23.82%     34.10%
         460         465       1.6579028e-06    1.22962e-06    1.3122341e-06    9.34644e-07    2.1303893e-06    1.58064e-06       -20.85%     28.50%
         465         470       7.2936321e-06    9.85258e-06    3.9987919e-06    9.09582e-06    9.1470714e-06    1.03576e-05       -45.17%     25.41%
         470         475      -2.6032421e-06    1.23168e-05   -6.0850872e-06    1.75015e-05   -7.0782238e-07    8.96997e-06       133.75%    -72.81%
         475         480       1.2115636e-07    2.20982e-07    8.1071324e-08    1.50571e-07    1.8892274e-07    3.36155e-07       -33.09%     55.93%
         480         485       1.0900186e-05    1.03511e-05    7.7154537e-06    7.32464e-06    1.5803921e-05    1.50100e-05       -29.22%     44.99%
         485         490       5.3797929e-06    3.79312e-06    3.7880483e-06    2.78637e-06    7.9260044e-06    5.38450e-06       -29.59%     47.33%
         490         495       7.1908990e-07    3.49362e-07    5.0236180e-07    2.49080e-07    1.0602914e-06    5.06424e-07       -30.14%     47.45%
         495         500      -5.2670515e-05    5.10412e-05   -7.6105971e-05    7.37881e-05   -3.7362974e-05    3.61907e-05        44.49%    -29.06%
         500         505       4.5426823e-07    4.34789e-07    3.4242243e-07    3.11932e-07    6.1566679e-07    6.25259e-07       -24.62%     35.53%
         505         510      -1.3843988e-05    1.65553e-05   -2.1384337e-05    2.45346e-05   -9.1737802e-06    1.14961e-05        54.47%    -33.73%
         510         515       1.3478271e-05    9.30660e-06    1.0019189e-05    6.87699e-06    1.8573038e-05    1.29238e-05       -25.66%     37.80%
         515         520      -2.0086859e-07    4.45891e-07   -3.2515756e-07    6.55180e-07   -1.2609322e-07    3.13294e-07        61.88%    -37.23%
         520         525       2.5627515e-07    2.81575e-07    1.9262785e-07    2.11678e-07    3.4958688e-07    3.83278e-07       -24.84%     36.41%
         525         530      -2.1859188e-07    1.92417e-06   -8.5923701e-07    2.59288e-06    1.1212309e-07    1.49457e-06       293.08%   -151.29%
         530         535       5.8988600e-07    3.32812e-07    4.2105295e-07    2.37511e-07    8.4786377e-07    4.78522e-07       -28.62%     43.73%
         535         540       1.5180430e-06    9.23441e-07    1.1063400e-06    6.66615e-07    2.1369468e-06    1.31485e-06       -27.12%     40.77%
         540         545       8.8731050e-07    7.09980e-07    6.4367190e-07    5.12429e-07    1.2535275e-06    1.00885e-06       -27.46%     41.27%
         545         550      -8.3761207e-07    6.52336e-07   -1.2442717e-06    9.35200e-07   -5.7888584e-07    4.67396e-07        48.55%    -30.89%
         550         555       8.2783809e-07    5.95623e-07    6.1612598e-07    4.51734e-07    1.1408552e-06    8.02797e-07       -25.57%     37.81%
         555         560       2.7001569e-07    1.95334e-07    2.1479776e-07    1.52033e-07    3.4117825e-07    2.56636e-07       -20.45%     26.35%
         560         565      -1.1154498e-07    1.44534e-07   -1.6709612e-07    2.13480e-07   -7.6850104e-08    1.00702e-07        49.80%    -31.10%
         565         570       2.4778421e-07    7.35458e-07    1.4305376e-07    4.98490e-07    4.3175443e-07    1.11708e-06       -42.27%     74.25%
         570         575       9.6730891e-06    9.61032e-06    6.9757469e-06    6.90716e-06    1.3748134e-05    1.37076e-05       -27.89%     42.13%
         575         580       4.2442906e-06    3.84391e-06    3.2325147e-06    2.79960e-06    5.6815513e-06    5.43553e-06       -23.84%     33.86%
         580         585       1.3045590e-08    1.26166e-07    7.0833352e-09    8.85456e-08    2.4301034e-08    1.85290e-07       -45.70%     86.28%
         585         590       2.6114699e-07    1.77544e-07    2.1035253e-07    1.43197e-07    3.2974842e-07    2.23817e-07       -19.45%     26.27%
         590         595      -1.6686509e-05    1.67762e-05   -2.4867446e-05    2.50132e-05   -1.1527339e-05    1.15833e-05        49.03%    -30.92%
         595         600       1.8737861e-07    2.85143e-07    1.4827213e-07    2.28757e-07    2.4158427e-07    3.61724e-07       -20.87%     28.93%
         600         605      -3.7345702e-08    1.11960e-07   -4.9736870e-08    1.64804e-07   -2.8306539e-08    7.83025e-08        33.18%    -24.20%
         605         610       1.2599229e-07    2.52910e-07    8.9285294e-08    1.77929e-07    1.8362165e-07    3.69806e-07       -29.13%     45.74%
         610         615       1.3868875e-06    1.51885e-06    9.9699922e-07    1.09063e-06    1.9765182e-06    2.16769e-06       -28.11%     42.51%
         615         620       8.6156042e-08    9.80695e-08    5.5372159e-08    6.40631e-08    1.3698100e-07    1.53566e-07       -35.73%     58.99%
         620         625       6.7027108e-07    8.32573e-07    4.6458943e-07    5.80480e-07    9.9465797e-07    1.22706e-06       -30.69%     48.40%
         625         630      -5.7306416e-07    7.96142e-07   -8.2790636e-07    1.15025e-06   -4.0790588e-07    5.66459e-07        44.47%    -28.82%
         630         635      -9.3897270e-06    9.17798e-06   -1.3287778e-05    1.29839e-05   -6.7957792e-06    6.64432e-06        41.51%    -27.63%
         635         640      -3.1699649e-06    3.16691e-06   -4.5071362e-06    4.51462e-06   -2.2858510e-06    2.27842e-06        42.18%    -27.89%
         640         645      -7.0795913e-07    6.82958e-07   -1.0132178e-06    9.70966e-07   -5.0819550e-07    4.93090e-07        43.12%    -28.22%
         645         650       1.5719697e-06    1.44440e-06    1.1352063e-06    1.03460e-06    2.2285853e-06    2.06938e-06       -27.78%     41.77%
         650         655       5.1106928e-07    5.55581e-07    3.6411547e-07    3.94963e-07    7.3592747e-07    8.01624e-07       -28.75%     44.00%
         655         660      -1.4126707e-07    1.30659e-06   -1.8987975e-07    1.64899e-06   -1.0725248e-07    1.05281e-06        34.41%    -24.08%
         660         665       2.1611714e-06    1.96865e-06    1.6419010e-06    1.40861e-06    2.4836051e-06    2.26554e-06       -24.03%     14.92%
         665         670       2.8572990e-07    2.45926e-07    2.2049871e-07    1.87202e-07    3.7254778e-07    3.26243e-07       -22.83%     30.38%
         670         675      -5.3585062e-08    1.29498e-07   -7.4141469e-08    1.83706e-07   -3.9520733e-08    9.35729e-08        38.36%    -26.25%
         675         680      -5.8176051e-06    6.06683e-06   -8.7082951e-06    9.05395e-06   -4.0013705e-06    4.18493e-06        49.69%    -31.22%
         680         685       2.2628234e-07    1.70792e-07    1.9796826e-07    1.49570e-07    2.6128769e-07    1.97084e-07       -12.51%     15.47%
         685         690       3.2386104e-07    7.89497e-07    2.8550009e-07    7.05551e-07    3.7072032e-07    8.90828e-07       -11.84%     14.47%
         690         695      -2.5188287e-08    1.02699e-06   -4.9211303e-08    1.50530e-06   -1.0600485e-08    8.90741e-07        95.37%    -57.92%
         695         700      -1.4439117e-06    3.02616e-06   -2.0067165e-06    4.28594e-06   -1.0610045e-06    2.18869e-06        38.98%    -26.52%
         700         705       7.6734705e-08    2.01942e-07    5.7916870e-08    1.40953e-07    1.0272976e-07    2.98148e-07       -24.52%     33.88%
         705         710      -9.4740907e-07    1.04070e-06   -1.3706763e-06    1.50459e-06   -6.7176838e-07    7.38464e-07        44.68%    -29.09%
         710         715      -7.1209490e-07    4.04955e-07   -1.0468642e-06    5.95318e-07   -4.9816976e-07    2.83336e-07        47.01%    -30.04%
         715         720      -1.5469705e-08    5.72620e-08   -2.2417600e-08    8.17229e-08   -1.0942150e-08    4.11956e-08        44.91%    -29.27%
         720         725       2.4174146e-06    2.36835e-06    1.7274373e-06    1.69454e-06    3.4734446e-06    3.39784e-06       -28.54%     43.68%
         725         730       1.5795329e-07    8.89472e-08    1.1011624e-07    6.20341e-08    2.3334182e-07    1.31309e-07       -30.29%     47.73%
         730         735       4.5688459e-07    5.19496e-07    3.3802268e-07    3.78332e-07    6.3072440e-07    7.30171e-07       -26.02%     38.05%
         735         740      -2.4836000e-07    3.33450e-07   -3.8138759e-07    4.68887e-07   -1.6549919e-07    2.43565e-07        53.56%    -33.36%
         740         745       7.4739427e-07    4.16799e-07    5.3938154e-07    3.01069e-07    1.0613347e-06    5.91213e-07       -27.83%     42.00%
         745         750      -6.9123734e-08    8.61236e-08   -9.7753475e-08    1.26854e-07   -4.9968706e-08    6.01358e-08        41.42%    -27.71%
         750         755       5.8963733e-07    4.41502e-07    4.3314076e-07    3.15422e-07    8.2312877e-07    6.37326e-07       -26.54%     39.60%
         755         760       1.1985329e-07    1.09887e-07    8.8762713e-08    7.75675e-08    1.6539721e-07    1.60702e-07       -25.94%     38.00%
         760         765      -3.2048186e-08    4.28611e-08   -4.8381604e-08    6.34729e-08   -2.1794335e-08    2.98053e-08        50.97%    -32.00%
         765         770      -6.1392592e-08    8.69225e-08   -8.9193250e-08    1.26250e-07   -4.3292939e-08    6.13922e-08        45.28%    -29.48%
         770         775      -4.8510621e-09    5.61615e-08   -6.3921572e-09    8.33062e-08   -3.6345244e-09    3.89262e-08        31.77%    -25.08%
         775         780      -1.0409452e-06    1.06662e-06   -1.4682274e-06    1.50305e-06   -7.5592887e-07    7.75308e-07        41.05%    -27.38%
         780         785      -2.7689983e-06    2.71753e-06   -4.0358182e-06    3.96715e-06   -1.9483329e-06    1.90939e-06        45.75%    -29.64%
         785         790      -2.8879939e-06    2.94728e-06   -4.2607078e-06    4.34554e-06   -2.0118182e-06    2.05425e-06        47.53%    -30.34%
         790         795       1.3069675e-07    7.35628e-08    8.9309619e-08    5.11775e-08    1.9780088e-07    1.09040e-07       -31.67%     51.34%
         795         800      -4.5257772e-06    4.57515e-06   -6.3778747e-06    6.44110e-06   -3.2896809e-06    3.32857e-06        40.92%    -27.31%
         800         805       4.3809957e-08    4.62612e-08    3.0434353e-08    3.21669e-08    6.4910301e-08    6.84348e-08       -30.53%     48.16%
         805         810       3.4363965e-06    3.50409e-06    2.4753834e-06    2.52132e-06    4.8942756e-06    4.99744e-06       -27.97%     42.42%
         810         815      -7.0229322e-05    7.02783e-05   -0.00010136313    0.000101429   -4.9959102e-05    4.99959e-05        44.33%    -28.86%
         815         820      -3.1528494e-09    4.88512e-08   -4.1458373e-09    4.18226e-08   -1.4777980e-09    7.27433e-08        31.49%    -53.13%
         820         825       3.2908979e-07    3.32668e-07    2.3423303e-07    2.36525e-07    4.7480542e-07    4.80568e-07       -28.82%     44.28%
         825         830       4.4544545e-08    7.51471e-08    3.3204726e-08    5.33530e-08    6.1048872e-08    1.08688e-07       -25.46%     37.05%
         830         835      -5.7190540e-08    9.87879e-08   -8.2643132e-08    1.43427e-07   -4.0514172e-08    6.98058e-08        44.50%    -29.16%
         835         840      -2.6552952e-09    2.10858e-08   -3.2798971e-09    2.63616e-08   -2.1792870e-09    1.71294e-08        23.52%    -17.93%
         840         845      -4.6040932e-07    4.56945e-07   -6.8423667e-07    6.78924e-07   -3.1848822e-07    3.16156e-07        48.61%    -30.82%
         845         850       1.0882810e-07    7.75841e-08    7.9512065e-08    5.73819e-08    1.5253311e-07    1.07271e-07       -26.94%     40.16%
         850         855       1.6376958e-05    1.62916e-05    1.1276703e-05    1.12162e-05    2.4463917e-05    2.43404e-05       -31.14%     49.38%
         855         860       2.2909106e-08    2.70972e-08    1.5818559e-08    1.89266e-08    3.4077045e-08    3.98255e-08       -30.95%     48.75%
         860         865       2.1701244e-07    2.88102e-07    1.5477796e-07    2.04955e-07    3.1177014e-07    4.15217e-07       -28.68%     43.66%
         865         870      -8.5109408e-08    7.63289e-08   -1.2624468e-07    1.13398e-07   -5.8995371e-08    5.28323e-08        48.33%    -30.68%
         870         875      -6.1483585e-07    4.54076e-07   -8.8914388e-07    6.56709e-07   -4.3571742e-07    3.21796e-07        44.61%    -29.13%
         875         880      -3.6916692e-07    3.51028e-07   -5.3091519e-07    5.04269e-07   -2.6371616e-07    2.51043e-07        43.81%    -28.56%
         880         885       4.5612369e-08    5.47110e-08    3.1857322e-08    3.83072e-08    6.6461019e-08    7.98301e-08       -30.16%     45.71%
         885         890      -5.3922429e-08    5.28911e-08   -7.8097503e-08    7.64704e-08   -3.8167157e-08    3.74995e-08        44.83%    -29.22%
         890         895      -1.8812000e-07    2.29614e-07   -2.7704748e-07    3.37676e-07   -1.3127980e-07    1.60467e-07        47.27%    -30.21%
         895         900       1.2852095e-07    1.46284e-07    9.0898437e-08    1.03564e-07    1.8657988e-07    2.12020e-07       -29.27%     45.17%
         900         905       6.8110214e-08    6.12049e-08    4.8518151e-08    4.28335e-08    9.8068660e-08    8.98088e-08       -28.77%     43.99%
         905         910       7.3235160e-09    9.83218e-09    5.1967410e-09    7.00695e-09    1.0610653e-08    1.41607e-08       -29.04%     44.88%
         910         915       1.1009699e-07    1.41730e-07    7.9706789e-08    1.01417e-07    1.5582086e-07    2.03172e-07       -27.60%     41.53%
         915         920      -3.6244285e-09    4.86328e-09   -5.5800932e-09    7.23862e-09   -2.4144252e-09    3.35981e-09        53.96%    -33.38%
         920         925       1.3163228e-05    1.31851e-05    8.9912393e-06    9.00673e-06    1.9843605e-05    1.98752e-05       -31.69%     50.75%
         925         930      -1.1142077e-07    1.26391e-07   -1.5928515e-07    1.83064e-07   -7.9782851e-08    8.95263e-08        42.96%    -28.39%
         930         935      -1.5367630e-08    1.36579e-08   -2.2030369e-08    1.99624e-08   -1.0978350e-08    9.60608e-09        43.36%    -28.56%
         935         940       7.3965340e-08    1.77017e-07    4.7788298e-08    1.19167e-07    1.1777575e-07    2.71205e-07       -35.39%     59.23%
         940         945      -3.9154013e-07    3.46510e-07   -5.6808891e-07    5.02026e-07   -2.7711995e-07    2.45501e-07        45.09%    -29.22%
         945         950       1.1279026e-08    9.43724e-09    8.7618479e-09    8.59812e-09    1.3268256e-08    1.11378e-08       -22.32%     17.64%
         950         955       3.2665041e-07    2.78938e-07    2.2265206e-07    1.91314e-07    4.9345622e-07    4.18615e-07       -31.84%     51.07%
         955         960       1.0561908e-07    1.03142e-07    7.4243121e-08    7.20776e-08    1.5426208e-07    1.51755e-07       -29.71%     46.06%
         960         965       6.2227690e-07    5.35349e-07    4.3755859e-07    3.77518e-07    9.0870571e-07    7.78897e-07       -29.68%     46.03%
         965         970       2.4293987e-08    2.38084e-08    1.7114326e-08    1.67028e-08    3.5442764e-08    3.48837e-08       -29.55%     45.89%
         970         975      -6.1910490e-08    7.48869e-08   -9.6346562e-08    1.15005e-07   -4.1143417e-08    5.04027e-08        55.62%    -33.54%
         975         980      -5.9727386e-09    2.84931e-08   -9.9552570e-09    4.25167e-08   -3.6893614e-09    1.96682e-08        66.68%    -38.23%
         980         985      -2.1643717e-08    4.27243e-08   -2.8185728e-08    6.16105e-08   -1.6687207e-08    3.04202e-08        30.23%    -22.90%
         985         990      -1.6046878e-07    1.19680e-07   -2.3655048e-07    1.77112e-07   -1.1192872e-07    8.32185e-08        47.41%    -30.25%
         990         995       5.2844126e-07    6.56700e-07    3.6001225e-07    4.48184e-07    7.9838290e-07    9.90657e-07       -31.87%     51.08%
         995        1000       5.7145341e-08    8.37053e-08    3.9940101e-08    5.83253e-08    8.3982926e-08    1.23472e-07       -30.11%     46.96%
