#  left-edge  right-edge       scale-central  central-error        scale-min      min-error        scale-max      max-error      rel-down     rel-up
           0          10           17.194097      0.0254706        14.441671      0.0215060        19.910535      0.0294822       -16.01%     15.80%
          10          20           6.8277539      0.0216850        6.0281428      0.0190915        7.5606710      0.0240814       -11.71%     10.73%
          20          30           2.4546366      0.0122978        2.2003520      0.0109514        2.6835733      0.0135344       -10.36%      9.33%
          30          40          0.86555459     0.00679098       0.79918219     0.00633401       0.92247892     0.00718155        -7.67%      6.58%
          40          50          0.48748081     0.00735741       0.45597674     0.00719185       0.51358453     0.00747958        -6.46%      5.35%
          50          60          0.32981866     0.00383528       0.31077591     0.00362354       0.34525318     0.00401046        -5.77%      4.68%
          60          70          0.22576180     0.00244707       0.21342521     0.00231299       0.23565197     0.00256170        -5.46%      4.38%
          70          80          0.15075420     0.00318393       0.14266337     0.00298503       0.15722874     0.00334928        -5.37%      4.29%
          80          90         0.081705224     0.00629245      0.078048160     0.00623296      0.084540802     0.00631818        -4.48%      3.47%
          90         100         0.019985132     0.00191205      0.019282876     0.00181181      0.020500827     0.00199135        -3.51%      2.58%
         100         110        0.0097795894    0.000741848     0.0096131018    0.000718866     0.0098739751    0.000758297        -1.70%      0.97%
         110         120        0.0057549348    0.000360151     0.0056475235    0.000359283     0.0058173920    0.000359340        -1.87%      1.09%
         120         130        0.0041317209    0.000256748     0.0040742517    0.000255744     0.0041591247    0.000256789        -1.39%      0.66%
         130         140        0.0029065577    0.000248133     0.0028785195    0.000247020     0.0029146292    0.000248043        -0.96%      0.28%
         140         150        0.0017410308    0.000155189     0.0017309559    0.000153044     0.0017415715    0.000156918        -0.58%      0.03%
         150         160        0.0016295168    0.000143229     0.0016164178    0.000141159     0.0016342588    0.000144882        -0.80%      0.29%
         160         170        0.0013118346    0.000151500     0.0012961121    0.000149979     0.0013220550    0.000152280        -1.20%      0.78%
         170         180        0.0010339560    0.000101691     0.0010168194    0.000101360     0.0010472088    0.000101464        -1.66%      1.28%
         180         190       0.00079438331    0.000113576    0.00077619849    0.000113323    0.00081108381    0.000113220        -2.29%      2.10%
         190         200       0.00058594362    8.65176e-05    0.00057111475    8.54656e-05    0.00059963962    8.71809e-05        -2.53%      2.34%
         200         210       0.00044651579    5.77689e-05    0.00043313436    5.61545e-05    0.00045949574    5.93605e-05        -3.00%      2.91%
         210         220       0.00023025454    1.80395e-05    0.00022173808    1.73651e-05    0.00023885569    1.87471e-05        -3.70%      3.74%
         220         230       0.00031054947    0.000127159    0.00029477164    0.000113509    0.00032836756    0.000144087        -5.08%      5.74%
         230         240       0.00043803285    0.000271583    0.00043521936    0.000274948    0.00043868073    0.000265883        -0.64%      0.15%
         240         250       0.00011460485    3.55238e-05    0.00011026729    3.41035e-05    0.00011912738    3.70148e-05        -3.78%      3.95%
         250         260       0.00021304092    6.44444e-05    0.00020897635    6.32928e-05    0.00021632134    6.55999e-05        -1.91%      1.54%
         260         270       0.00014086518    2.25585e-05    0.00013423846    2.18112e-05    0.00014809072    2.34330e-05        -4.70%      5.13%
         270         280       7.8520124e-05    1.77359e-05    7.5413486e-05    1.67721e-05    8.1717521e-05    1.87994e-05        -3.96%      4.07%
         280         290      -2.1554670e-05    0.000117295   -2.7631695e-05    0.000127644   -1.6640508e-05    0.000108302        28.19%    -22.80%
         290         300       0.00022640227    0.000117650    0.00021216590    0.000108636    0.00024238949    0.000128031        -6.29%      7.06%
         300         310       2.0036300e-05    5.15327e-06    1.8715359e-05    4.77313e-06    2.1541650e-05    5.59309e-06        -6.59%      7.51%
         310         320       2.9527720e-05    8.97330e-06    2.8323641e-05    8.48754e-06    3.0739888e-05    9.54011e-06        -4.08%      4.11%
         320         330       2.0502434e-05    2.94459e-06    1.8963101e-05    2.69025e-06    2.2275357e-05    3.24432e-06        -7.51%      8.65%
         330         340       1.2283598e-05    1.81387e-06    1.1419585e-05    1.65297e-06    1.3276376e-05    2.01469e-06        -7.03%      8.08%
         340         350       1.7593360e-05    4.21265e-06    1.6353418e-05    3.85208e-06    1.9014676e-05    4.64128e-06        -7.05%      8.08%
         350         360       4.7582361e-05    1.19276e-05    4.4703655e-05    1.12708e-05    5.0796383e-05    1.26506e-05        -6.05%      6.75%
         360         370       1.6627978e-05    6.01148e-06    1.5622451e-05    5.54203e-06    1.7750570e-05    6.55662e-06        -6.05%      6.75%
         370         380       7.9289631e-06    1.39635e-06    7.3610313e-06    1.28731e-06    8.5941947e-06    1.52515e-06        -7.16%      8.39%
         380         390       9.0332416e-06    1.63724e-06    8.2751590e-06    1.49962e-06    9.9191197e-06    1.79946e-06        -8.39%      9.81%
         390         400       9.3648492e-06    1.80531e-06    8.6465878e-06    1.67456e-06    1.0199712e-05    1.95649e-06        -7.67%      8.91%
         400         410       5.2824228e-06    9.06468e-07    4.7992958e-06    8.27955e-07    5.8580288e-06    9.99663e-07        -9.15%     10.90%
         410         420       3.7626703e-06    8.03347e-07    3.4473019e-06    7.44640e-07    4.1318229e-06    8.71214e-07        -8.38%      9.81%
         420         430       5.9408295e-06    1.34230e-06    5.3967763e-06    1.22500e-06    6.5867466e-06    1.48012e-06        -9.16%     10.87%
         430         440      -5.6718656e-06    8.43835e-06   -5.6755734e-06    8.79766e-06   -5.6103379e-06    8.08645e-06         0.07%     -1.08%
         440         450       1.7722518e-06    4.04423e-07    1.5939099e-06    3.68717e-07    1.9893699e-06    4.47206e-07       -10.06%     12.25%
         450         460       2.2264985e-06    5.43128e-07    1.9909717e-06    4.85449e-07    2.5142052e-06    6.13565e-07       -10.58%     12.92%
         460         470       3.1680113e-06    7.75379e-07    2.8578391e-06    6.96785e-07    3.5419950e-06    8.71266e-07        -9.79%     11.80%
         470         480       2.5913908e-06    6.94046e-07    2.3492676e-06    6.32059e-07    2.8799533e-06    7.67388e-07        -9.34%     11.14%
         480         490       1.3507328e-06    3.31751e-07    1.2152715e-06    3.01952e-07    1.5148365e-06    3.67931e-07       -10.03%     12.15%
         490         500       2.9875293e-06    9.25201e-07    2.8026647e-06    8.74809e-07    3.2019169e-06    9.90061e-07        -6.19%      7.18%
         500         510       1.1105596e-06    2.87631e-07    9.7846739e-07    2.53405e-07    1.2752349e-06    3.30157e-07       -11.89%     14.83%
         510         520       1.9232114e-06    5.52282e-07    1.7286573e-06    5.00919e-07    2.1598553e-06    6.14523e-07       -10.12%     12.30%
         520         530       5.9537993e-06    3.21862e-06    5.4668433e-06    2.95357e-06    6.5205523e-06    3.52586e-06        -8.18%      9.52%
         530         540       7.2493596e-07    2.66575e-07    6.4406351e-07    2.38476e-07    8.2475726e-07    3.00969e-07       -11.16%     13.77%
         540         550       2.3705668e-06    6.14116e-07    2.1112850e-06    5.54480e-07    2.6907236e-06    6.86662e-07       -10.94%     13.51%
         550         560       1.1943837e-06    3.19828e-07    1.0583245e-06    2.84845e-07    1.3612672e-06    3.62727e-07       -11.39%     13.97%
         560         570       4.2706673e-07    8.95927e-07    4.1009280e-07    1.02917e-06    4.3148278e-07    7.91869e-07        -3.97%      1.03%
         570         580       6.0636558e-07    1.62845e-07    5.3475846e-07    1.44241e-07    6.9549957e-07    1.85920e-07       -11.81%     14.70%
         580         590       8.5358754e-07    1.95678e-07    7.4947515e-07    1.72821e-07    9.8385040e-07    2.24182e-07       -12.20%     15.26%
         590         600       5.9691583e-07    3.40100e-07    5.3889918e-07    3.08810e-07    6.6716283e-07    3.77569e-07        -9.72%     11.77%
         600         610       1.0652950e-07    1.53783e-06    7.3220218e-08    1.71477e-06    1.2858661e-07    1.39007e-06       -31.27%     20.71%
         610         620       1.7877213e-07    4.40444e-08    1.5436266e-07    3.82558e-08    2.1006330e-07    5.14525e-08       -13.65%     17.50%
         620         630       3.4262675e-07    1.14746e-07    3.0927434e-07    1.03859e-07    3.8297301e-07    1.27921e-07        -9.73%     11.78%
         630         640      -8.7870227e-08    2.40611e-07   -1.0133445e-07    2.82786e-07   -7.7040792e-08    2.07521e-07        15.32%    -12.32%
         640         650       1.3472290e-06    1.09641e-06    1.1546289e-06    9.33939e-07    1.5949410e-06    1.30651e-06       -14.30%     18.39%
         650         660      -8.4072191e-07    1.06047e-06   -1.0255468e-06    1.25795e-06   -7.0022658e-07    9.07389e-07        21.98%    -16.71%
         660         670       1.1581511e-07    2.37814e-07    9.6861043e-08    3.00445e-07    1.2364025e-07    1.93659e-07       -16.37%      6.76%
         670         680       1.5167285e-07    6.19356e-08    1.3197916e-07    5.52429e-08    1.7649431e-07    7.01623e-08       -12.98%     16.37%
         680         690       1.4329349e-07    5.41221e-08    1.2519728e-07    4.78873e-08    1.6601341e-07    6.18294e-08       -12.63%     15.86%
         690         700       2.2583313e-07    7.73797e-08    1.9607752e-07    6.85463e-08    2.6339011e-07    8.83473e-08       -13.18%     16.63%
         700         710       1.4389059e-07    5.40166e-08    1.2426703e-07    4.69861e-08    1.6888096e-07    6.29056e-08       -13.64%     17.37%
         710         720       1.1750889e-06    8.39451e-07    1.0675961e-06    7.55173e-07    1.3011078e-06    9.41234e-07        -9.15%     10.72%
         720         730       4.2260090e-07    1.46701e-07    3.7130550e-07    1.29573e-07    4.8620854e-07    1.67877e-07       -12.14%     15.05%
         730         740       7.3222101e-08    4.72759e-08    6.2266252e-08    4.15637e-08    8.7408065e-08    5.44573e-08       -14.96%     19.37%
         740         750       9.1117162e-08    3.68349e-08    7.8845871e-08    3.18503e-08    1.0663357e-07    4.31620e-08       -13.47%     17.03%
         750         760       5.0091181e-08    3.70113e-08    4.4163548e-08    3.16679e-08    5.7304159e-08    4.39699e-08       -11.83%     14.40%
         760         770      -6.1777907e-08    1.36191e-07   -7.3394631e-08    1.60297e-07   -5.2674810e-08    1.17344e-07        18.80%    -14.74%
         770         780       3.3415121e-07    1.62930e-07    2.9122513e-07    1.41033e-07    3.8892679e-07    1.90959e-07       -12.85%     16.39%
         780         790       3.6687504e-08    1.66828e-08    3.1376691e-08    1.41744e-08    4.3494745e-08    1.99739e-08       -14.48%     18.55%
         790         800       6.2587213e-08    2.20383e-08    5.3611086e-08    1.89379e-08    7.4155591e-08    2.60267e-08       -14.34%     18.48%
         800         810       1.5496473e-07    7.26746e-08    1.3456021e-07    6.41950e-08    1.8084903e-07    8.31484e-08       -13.17%     16.70%
         810         820       1.4931082e-08    1.52535e-08    1.1932466e-08    1.35055e-08    1.8973570e-08    1.75134e-08       -20.08%     27.07%
         820         830       6.4233149e-07    5.70208e-07    5.7666963e-07    5.15875e-07    7.2173074e-07    6.34992e-07       -10.22%     12.36%
         830         840       9.0332326e-08    4.34581e-08    7.7895817e-08    3.77333e-08    1.0635493e-07    5.08091e-08       -13.77%     17.74%
         840         850       5.1031216e-09    2.76412e-08    4.9214738e-09    2.35976e-08    5.1993226e-09    3.29106e-08        -3.56%      1.89%
         850         860       2.5426536e-08    1.65890e-08    2.1511367e-08    1.45509e-08    3.0555430e-08    1.91365e-08       -15.40%     20.17%
         860         870       6.9460699e-08    3.92408e-08    5.8544704e-08    3.38689e-08    8.3836185e-08    4.61520e-08       -15.72%     20.70%
         870         880       1.0431914e-07    8.56101e-08    9.0853919e-08    7.51459e-08    1.2127342e-07    9.85904e-08       -12.91%     16.25%
         880         890       4.4491023e-08    2.29884e-08    3.7826576e-08    1.96280e-08    5.3150007e-08    2.73256e-08       -14.98%     19.46%
         890         900       1.1617134e-08    4.37350e-09    9.7869689e-09    3.68055e-09    1.4015161e-08    5.28736e-09       -15.75%     20.64%
         900         910       1.4191861e-07    1.18371e-07    1.2631360e-07    1.05897e-07    1.6098670e-07    1.33465e-07       -11.00%     13.44%
         910         920       2.6736826e-08    1.06736e-08    2.2425030e-08    9.14564e-09    3.2425958e-08    1.26601e-08       -16.13%     21.28%
         920         930       3.6743480e-08    1.98126e-08    3.0936582e-08    1.67554e-08    4.4375400e-08    2.38050e-08       -15.80%     20.77%
         930         940      -1.0755631e-08    2.75073e-08   -1.3657964e-08    3.35180e-08   -8.6196050e-09    2.29659e-08        26.98%    -19.86%
         940         950       4.0740644e-07    3.57591e-07    3.5678742e-07    3.13853e-07    4.7132009e-07    4.12707e-07       -12.42%     15.69%
         950         960       8.6949102e-09    8.67808e-09    6.7244189e-09    7.39499e-09    1.1397148e-08    1.03520e-08       -22.66%     31.08%
         960         970       3.5673964e-09    1.91292e-09    2.9951832e-09    1.59428e-09    4.3155686e-09    2.33505e-09       -16.04%     20.97%
         970         980      -7.4024410e-08    7.83014e-08   -8.6578051e-08    9.23206e-08   -6.3743300e-08    6.70009e-08        16.96%    -13.89%
         980         990       3.1259099e-08    4.60894e-08    2.7222096e-08    4.01813e-08    3.6120454e-08    5.32852e-08       -12.91%     15.55%
         990        1000       2.0565720e-08    1.14485e-08    1.7544748e-08    1.00253e-08    2.4515331e-08    1.32411e-08       -14.69%     19.20%
