#  left-edge  right-edge       scale-central  central-error        scale-min      min-error        scale-max      max-error      rel-down     rel-up
           0          10           16.062498      0.0379219        13.507850      0.0298237        18.653962      0.0467308       -15.90%     16.13%
          10          20           6.3344406      0.0252031        5.6162014      0.0227110        7.0125635      0.0275580       -11.34%     10.71%
          20          30           2.2512136      0.0179719        2.0303199      0.0158990        2.4559933      0.0199501        -9.81%      9.10%
          30          40          0.81627065      0.0143183       0.75830288      0.0135088       0.86766209      0.0150003        -7.10%      6.30%
          40          50          0.48630016     0.00582733       0.45828922     0.00549590       0.51027194     0.00611125        -5.76%      4.93%
          50          60          0.31440364     0.00519895       0.29822228     0.00491919       0.32797124     0.00543612        -5.15%      4.32%
          60          70          0.23068078     0.00373650       0.21949645     0.00356598       0.23998546     0.00387910        -4.85%      4.03%
          70          80          0.14251485     0.00217954       0.13584348     0.00211765       0.14802654     0.00223070        -4.68%      3.87%
          80          90         0.072937690     0.00304003      0.069742876     0.00287161      0.075552799     0.00318368        -4.38%      3.59%
          90         100         0.019708943     0.00141440      0.019091648     0.00137598      0.020185158     0.00144340        -3.13%      2.42%
         100         110         0.010196822    0.000894836     0.0099475738    0.000870697      0.010375574    0.000912773        -2.44%      1.75%
         110         120        0.0061488230    0.000245199     0.0061027533    0.000244291     0.0061627311    0.000245048        -0.75%      0.23%
         120         130        0.0042656983    0.000273726     0.0042300159    0.000271603     0.0042783723    0.000275038        -0.84%      0.30%
         130         140        0.0027176884    0.000146579     0.0027068585    0.000145298     0.0027176884    0.000146579        -0.40%   0.00000%
         140         150        0.0023720922    0.000213274     0.0023649294    0.000215377     0.0023720922    0.000213274        -0.30%   0.00000%
         150         160        0.0013934181    0.000155556     0.0013726155    0.000150215     0.0014105417    0.000160887        -1.49%      1.23%
         160         170        0.0014976199    0.000169613     0.0014731991    0.000165646     0.0015180839    0.000173387        -1.63%      1.37%
         170         180       0.00080871066    6.69033e-05    0.00079308673    6.51470e-05    0.00082312856    6.86730e-05        -1.93%      1.78%
         180         190       0.00070885240    6.37430e-05    0.00069265128    6.17240e-05    0.00072362685    6.57360e-05        -2.29%      2.08%
         190         200       0.00068506842    8.44426e-05    0.00067594109    8.54286e-05    0.00069254334    8.29733e-05        -1.33%      1.09%
         200         210       0.00047224523    6.97451e-05    0.00045217334    6.54982e-05    0.00049348090    7.44594e-05        -4.25%      4.50%
         210         220       0.00042418049    4.11161e-05    0.00041030355    3.99978e-05    0.00043828264    4.23075e-05        -3.27%      3.32%
         220         230       8.2251310e-05    5.96200e-05    8.1091365e-05    6.21746e-05    8.2909028e-05    5.72007e-05        -1.41%      0.80%
         230         240       0.00016065095    7.62377e-05    0.00015823079    7.41115e-05    0.00016262575    7.84208e-05        -1.51%      1.23%
         240         250       0.00021905337    5.67729e-05    0.00020888186    5.37595e-05    0.00022999451    6.00575e-05        -4.64%      4.99%
         250         260       7.6004638e-05    2.20501e-05    7.0518149e-05    2.09506e-05    8.2281844e-05    2.32488e-05        -7.22%      8.26%
         260         270       9.0300360e-05    2.46633e-05    8.8828479e-05    2.29613e-05    9.1323869e-05    2.67110e-05        -1.63%      1.13%
         270         280       0.00013099013    1.62757e-05    0.00012404838    1.55081e-05    0.00013855251    1.70998e-05        -5.30%      5.77%
         280         290       4.7459303e-05    1.06957e-05    4.5188267e-05    9.97618e-06    4.9891221e-05    1.15059e-05        -4.79%      5.12%
         290         300       0.00011854041    2.34874e-05    0.00011459378    2.27066e-05    0.00012246244    2.42965e-05        -3.33%      3.31%
         300         310       4.6621143e-05    5.77967e-06    4.3537657e-05    5.36457e-06    5.0103512e-05    6.26204e-06        -6.61%      7.47%
         310         320       2.8191546e-05    2.68592e-06    2.6639250e-05    2.52776e-06    2.9910730e-05    2.86814e-06        -5.51%      6.10%
         320         330       7.6176716e-05    1.92711e-05    7.2095959e-05    1.83808e-05    8.0691030e-05    2.02395e-05        -5.36%      5.93%
         330         340       4.9729994e-05    1.61009e-05    4.8114051e-05    1.54210e-05    5.1288976e-05    1.68185e-05        -3.25%      3.13%
         340         350       2.7276250e-05    7.40457e-06    2.5355578e-05    6.89263e-06    2.9468806e-05    7.98564e-06        -7.04%      8.04%
         350         360       2.1273556e-05    3.29475e-06    2.0144225e-05    3.13224e-06    2.2496431e-05    3.47097e-06        -5.31%      5.75%
         360         370       1.8255583e-05    3.97565e-06    1.6832770e-05    3.66786e-06    1.9905694e-05    4.33179e-06        -7.79%      9.04%
         370         380       2.7258772e-05    1.26410e-05    2.5965007e-05    1.21593e-05    2.8612072e-05    1.31295e-05        -4.75%      4.96%
         380         390       5.0381418e-06    9.62766e-07    4.6653294e-06    8.92073e-07    5.4658098e-06    1.04368e-06        -7.40%      8.49%
         390         400       1.2293997e-05    3.14070e-06    1.1562447e-05    3.01736e-06    1.3113116e-05    3.27118e-06        -5.95%      6.66%
         400         410       3.2734536e-05    8.56632e-06    3.1021538e-05    8.30940e-06    3.4628838e-05    8.82715e-06        -5.23%      5.79%
         410         420       1.0972550e-06    2.39739e-07    9.9152786e-07    2.17998e-07    1.2239399e-06    2.65683e-07        -9.64%     11.55%
         420         430       7.4213309e-06    1.56411e-06    6.8353868e-06    1.44991e-06    8.0972140e-06    1.69446e-06        -7.90%      9.11%
         430         440       5.4105069e-06    1.57334e-06    5.0321598e-06    1.46886e-06    5.8373424e-06    1.69020e-06        -6.99%      7.89%
         440         450       1.0649186e-05    2.00947e-06    9.8593220e-06    1.87709e-06    1.1554634e-05    2.15870e-06        -7.42%      8.50%
         450         460       4.6434423e-06    1.46142e-06    4.1820525e-06    1.35003e-06    5.1922204e-06    1.58952e-06        -9.94%     11.82%
         460         470      -6.5072668e-06    6.59837e-06   -6.6819860e-06    6.93930e-06   -6.3111125e-06    6.27727e-06         2.68%     -3.01%
         470         480       1.9704261e-06    5.81806e-07    1.7657991e-06    5.14112e-07    2.2183481e-06    6.64872e-07       -10.38%     12.58%
         480         490       5.0553357e-06    1.06404e-06    4.6681910e-06    1.00394e-06    5.5059206e-06    1.13140e-06        -7.66%      8.91%
         490         500       1.9583157e-06    6.80589e-07    1.7760892e-06    6.33732e-07    2.1805947e-06    7.34628e-07        -9.31%     11.35%
         500         510       6.8254944e-06    3.74602e-06    6.3558443e-06    3.49982e-06    7.3481483e-06    4.01564e-06        -6.88%      7.66%
         510         520       3.1829884e-06    1.15290e-06    2.9266643e-06    1.08897e-06    3.4806514e-06    1.22159e-06        -8.05%      9.35%
         520         530       1.4807884e-06    9.19121e-07    1.3102610e-06    8.45477e-07    1.6907588e-06    1.00460e-06       -11.52%     14.18%
         530         540       4.7404295e-06    1.29505e-06    4.4099553e-06    1.21122e-06    5.1272068e-06    1.39089e-06        -6.97%      8.16%
         540         550      -9.6468521e-08    8.34496e-07   -1.0427636e-07    7.54813e-07   -8.2465230e-08    9.28667e-07         8.09%    -14.52%
         550         560       7.1523917e-07    2.50178e-07    6.5296653e-07    2.27295e-07    7.8991787e-07    2.78566e-07        -8.71%     10.44%
         560         570       8.5531364e-06    5.30348e-06    7.7377977e-06    4.78427e-06    9.5195004e-06    5.92109e-06        -9.53%     11.30%
         570         580       1.3357028e-06    4.88550e-07    1.2324171e-06    4.44742e-07    1.4516547e-06    5.40975e-07        -7.73%      8.68%
         580         590       1.4874576e-06    5.00014e-07    1.3373616e-06    4.50601e-07    1.6671037e-06    5.58616e-07       -10.09%     12.08%
         590         600       2.5237693e-06    1.41322e-06    2.2566642e-06    1.25354e-06    2.8420176e-06    1.60562e-06       -10.58%     12.61%
         600         610       4.7286875e-07    1.69597e-07    4.3221007e-07    1.54589e-07    5.1984315e-07    1.87419e-07        -8.60%      9.93%
         610         620       2.0664615e-06    1.06513e-06    1.8827716e-06    9.84117e-07    2.2821880e-06    1.15747e-06        -8.89%     10.44%
         620         630       2.9282080e-07    2.10935e-07    2.7032740e-07    1.80759e-07    3.1674871e-07    2.50411e-07        -7.68%      8.17%
         630         640      -1.2358637e-06    9.56579e-07   -1.3944839e-06    1.08096e-06   -1.1036456e-06    8.53187e-07        12.83%    -10.70%
         640         650       8.0902017e-07    3.95106e-07    7.3569959e-07    3.63183e-07    8.9536587e-07    4.31615e-07        -9.06%     10.67%
         650         660       5.9910163e-07    1.74750e-07    5.4555110e-07    1.59757e-07    6.6176973e-07    1.92209e-07        -8.94%     10.46%
         660         670      -5.9803903e-08    1.87647e-07   -6.9418412e-08    2.19034e-07   -5.1948123e-08    1.62566e-07        16.08%    -13.14%
         670         680       1.3793850e-07    1.60918e-07    1.2377126e-07    1.36981e-07    1.5491498e-07    1.91817e-07       -10.27%     12.31%
         680         690       2.6949412e-07    2.29607e-07    2.5727840e-07    1.99986e-07    2.7881459e-07    2.68265e-07        -4.53%      3.46%
         690         700       2.5584469e-06    1.46166e-06    2.2499662e-06    1.27975e-06    2.9376475e-06    1.68676e-06       -12.06%     14.82%
         700         710       1.2589389e-07    3.92022e-08    1.0973586e-07    3.39931e-08    1.4616156e-07    4.57474e-08       -12.83%     16.10%
         710         720       6.2925649e-08    1.50094e-08    5.4489419e-08    1.29358e-08    7.3533599e-08    1.76424e-08       -13.41%     16.86%
         720         730       1.7183335e-07    8.07167e-08    1.5133964e-07    7.18542e-08    1.9732317e-07    9.15352e-08       -11.93%     14.83%
         730         740       2.1369494e-07    8.12550e-08    1.9012138e-07    7.31021e-08    2.4248340e-07    9.10169e-08       -11.03%     13.47%
         740         750       2.0368655e-07    6.90210e-08    1.7687558e-07    5.97711e-08    2.3721683e-07    8.06034e-08       -13.16%     16.46%
         750         760       8.1842198e-08    3.84706e-08    7.3483610e-08    3.50578e-08    9.2016826e-08    4.24829e-08       -10.21%     12.43%
         760         770       5.1253386e-07    1.95416e-07    4.6497218e-07    1.77508e-07    5.6890842e-07    2.16517e-07        -9.28%     11.00%
         770         780       7.2794378e-08    2.33038e-08    6.4421650e-08    2.07108e-08    8.3105450e-08    2.64686e-08       -11.50%     14.16%
         780         790      -3.5056914e-07    4.76505e-07   -4.0580370e-07    5.54063e-07   -3.0538260e-07    4.14382e-07        15.76%    -12.89%
         790         800       9.1751648e-08    2.91344e-08    8.2638461e-08    2.62142e-08    1.0259211e-07    3.26701e-08        -9.93%     11.82%
         800         810       4.4182092e-08    1.18322e-08    3.7481459e-08    1.00324e-08    5.2799414e-08    1.41186e-08       -15.17%     19.50%
         810         820       8.0909665e-08    2.75594e-08    7.1293747e-08    2.46308e-08    9.2772370e-08    3.11078e-08       -11.88%     14.66%
         820         830       6.9658884e-10    1.86527e-08   -7.7496812e-10    1.61666e-08    2.9520727e-09    2.18758e-08      -211.25%    323.79%
         830         840       6.8201921e-08    2.38507e-08    6.0744234e-08    2.03805e-08    7.7443661e-08    2.83438e-08       -10.93%     13.55%
         840         850       3.2183913e-07    1.44180e-07    2.8329241e-07    1.27354e-07    3.6989520e-07    1.65130e-07       -11.98%     14.93%
         850         860       2.3118861e-08    1.35894e-08    1.9872443e-08    1.14345e-08    2.7283018e-08    1.64189e-08       -14.04%     18.01%
         860         870       5.9328223e-08    1.73825e-08    5.1933130e-08    1.52271e-08    6.8619028e-08    2.00747e-08       -12.46%     15.66%
         870         880       2.5091898e-08    8.25179e-09    2.1797147e-08    7.14303e-09    2.9318785e-08    9.69112e-09       -13.13%     16.85%
         880         890       1.2482663e-08    3.57717e-09    1.1482549e-08    3.34201e-09    1.3593416e-08    3.84568e-09        -8.01%      8.90%
         890         900       1.9782500e-08    7.50773e-09    1.7071216e-08    6.45363e-09    2.3195436e-08    8.83654e-09       -13.71%     17.25%
         900         910       6.7629545e-08    2.98187e-08    5.8567476e-08    2.59537e-08    7.9209319e-08    3.47725e-08       -13.40%     17.12%
         910         920       2.8325159e-08    7.81918e-09    2.4165298e-08    6.65221e-09    3.3700259e-08    9.33004e-09       -14.69%     18.98%
         920         930       8.9850879e-08    3.51947e-08    7.5834178e-08    2.97963e-08    1.0801489e-07    4.22076e-08       -15.60%     20.22%
         930         940       1.0113970e-08    3.61282e-09    8.6766711e-09    3.09300e-09    1.1927380e-08    4.27670e-09       -14.21%     17.93%
         940         950       2.6299582e-07    1.15407e-07    2.3898101e-07    1.05192e-07    2.9129346e-07    1.27346e-07        -9.13%     10.76%
         950         960       1.2033923e-08    4.27953e-09    1.0172907e-08    3.58032e-09    1.4440374e-08    5.18029e-09       -15.46%     20.00%
         960         970       9.6153313e-09    7.76290e-09    8.0873534e-09    6.62556e-09    1.1566627e-08    9.23316e-09       -15.89%     20.29%
         970         980      -1.3363818e-07    1.15384e-07   -1.6107158e-07    1.38633e-07   -1.1232199e-07    9.74082e-08        20.53%    -15.95%
         980         990      -3.2670429e-07    2.24183e-07   -3.7897953e-07    2.60083e-07   -2.8458993e-07    1.95296e-07        16.00%    -12.89%
         990        1000       2.3278516e-08    7.81938e-09    2.0619685e-08    6.95669e-09    2.6466790e-08    8.85806e-09       -11.42%     13.70%
