#  left-edge  right-edge       scale-central  central-error        scale-min      min-error        scale-max      max-error      rel-down     rel-up
           0          10          0.83059597       0.586030       0.74832317       0.527978       0.93319807       0.658426        -9.91%     12.35%
          10          20         0.054179121     0.00340380      0.048825589     0.00306683      0.060855491     0.00382403        -9.88%     12.32%
          20          30         0.012756008    0.000286756      0.011558169    0.000259620      0.014249830    0.000320602        -9.39%     11.71%
          30          40         0.016577864    0.000150310      0.015554681    0.000138683      0.017853872    0.000164911        -6.17%      7.70%
          40          50         0.041861497    0.000238854      0.040502653    0.000222977      0.043253355    0.000255731        -3.25%      3.32%
          50          60         0.087861905    0.000296454      0.085419580    0.000276105      0.089524645    0.000315014        -2.78%      1.89%
          60          70         0.085295134    0.000318510      0.082799389    0.000298037      0.087408324    0.000338111        -2.93%      2.48%
          70          80         0.042902946    0.000207015      0.041619915    0.000195628      0.044503010    0.000221588        -2.99%      3.73%
          80          90         0.077046396    0.000198632      0.075057218    0.000185728      0.079527093    0.000215146        -2.58%      3.22%
          90         100          0.17075226    0.000289700       0.16673060    0.000271711       0.17576766    0.000312782        -2.36%      2.94%
         100         110         0.061946281    0.000167745      0.060719614    0.000157728      0.063476053    0.000180646        -1.98%      2.47%
         110         120         0.059633472    0.000195411      0.058429862    0.000181463      0.061134490    0.000213220        -2.02%      2.52%
         120         130         0.054574563    0.000138666      0.053383766    0.000131817      0.056059603    0.000147526        -2.18%      2.72%
         130         140         0.050564739    0.000139711      0.049403487    0.000132055      0.052012932    0.000149581        -2.30%      2.86%
         140         150         0.046182491    0.000168824      0.045072008    0.000162238      0.047567370    0.000177291        -2.40%      3.00%
         150         160         0.040668026    0.000125004      0.039637932    0.000118666      0.041952652    0.000133170        -2.53%      3.16%
         160         170         0.036268882    0.000120578      0.035311652    0.000114694      0.037462640    0.000128150        -2.64%      3.29%
         170         180         0.031867561    0.000110984      0.030998305    0.000105732      0.032951608    0.000117737        -2.73%      3.40%
         180         190         0.028180256    0.000108089      0.027380872    0.000102812      0.029177166    0.000114866        -2.84%      3.54%
         190         200         0.024283139    0.000104589      0.023598876    9.95147e-05      0.025136481    0.000111106        -2.82%      3.51%
         200         210         0.021437954    9.33173e-05      0.020813118    8.90788e-05      0.022217184    9.87556e-05        -2.91%      3.63%
         210         220         0.018821844    9.42402e-05      0.018259171    9.01004e-05      0.019523552    9.95394e-05        -2.99%      3.73%
         220         230         0.016464690    8.74753e-05      0.015969478    8.33366e-05      0.017082267    9.27791e-05        -3.01%      3.75%
         230         240         0.014620042    8.64241e-05      0.014177529    8.21771e-05      0.015171900    9.18645e-05        -3.03%      3.77%
         240         250         0.012908755    7.73416e-05      0.012511130    7.38411e-05      0.013404631    8.18254e-05        -3.08%      3.84%
         250         260         0.011536754    7.47555e-05      0.011169433    7.13334e-05      0.011998205    7.94362e-05        -3.18%      4.00%
         260         270         0.010021628    7.41082e-05     0.0097037010    7.09637e-05      0.010424874    7.74954e-05        -3.17%      4.02%
         270         280        0.0088599427    7.21123e-05     0.0085759230    6.90482e-05     0.0092399714    7.53906e-05        -3.21%      4.29%
         280         290        0.0078819290    6.61808e-05     0.0076290031    6.30467e-05     0.0082250770    7.04318e-05        -3.21%      4.35%
         290         300        0.0070930278    6.71602e-05     0.0068606689    6.37546e-05     0.0074066316    7.20054e-05        -3.28%      4.42%
         300         310        0.0065003026    6.39710e-05     0.0062792028    6.07924e-05     0.0068098290    6.83301e-05        -3.40%      4.76%
         310         320        0.0057249290    6.11021e-05     0.0055252168    5.78092e-05     0.0060050518    6.58923e-05        -3.49%      4.89%
         320         330        0.0050455879    5.71524e-05     0.0048707450    5.40703e-05     0.0052899628    6.14113e-05        -3.47%      4.84%
         330         340        0.0045250620    5.47662e-05     0.0043588629    5.17941e-05     0.0047566677    5.88880e-05        -3.67%      5.12%
         340         350        0.0041151006    5.27515e-05     0.0039597906    5.00740e-05     0.0043291063    5.64217e-05        -3.77%      5.20%
         350         360        0.0036417016    4.95407e-05     0.0035061624    4.69346e-05     0.0038284932    5.31022e-05        -3.72%      5.13%
         360         370        0.0032226150    4.70985e-05     0.0030965219    4.45770e-05     0.0033965633    5.05367e-05        -3.91%      5.40%
         370         380        0.0029607090    4.77459e-05     0.0028443304    4.51410e-05     0.0031201573    5.12833e-05        -3.93%      5.39%
         380         390        0.0027793685    4.32313e-05     0.0026627333    4.07255e-05     0.0029383953    4.66160e-05        -4.20%      5.72%
         390         400        0.0023854481    3.69072e-05     0.0022859086    3.49101e-05     0.0025223457    3.96862e-05        -4.17%      5.74%
         400         410        0.0021845104    4.03937e-05     0.0020880284    3.81330e-05     0.0023157863    4.34933e-05        -4.42%      6.01%
         410         420        0.0019701962    3.72149e-05     0.0018905156    3.52207e-05     0.0020799480    3.99525e-05        -4.04%      5.57%
         420         430        0.0018110446    3.70698e-05     0.0017387268    3.48382e-05     0.0019115085    4.01117e-05        -3.99%      5.55%
         430         440        0.0017067121    3.71070e-05     0.0016312347    3.48057e-05     0.0018095514    4.02195e-05        -4.42%      6.03%
         440         450        0.0014680205    3.59352e-05     0.0014053848    3.39376e-05     0.0015539863    3.86563e-05        -4.27%      5.86%
         450         460        0.0013851732    3.36422e-05     0.0013201499    3.16253e-05     0.0014736791    3.64097e-05        -4.69%      6.39%
         460         470        0.0013643382    3.92029e-05     0.0012955907    3.54272e-05     0.0014571533    4.43977e-05        -5.04%      6.80%
         470         480        0.0011624337    3.51064e-05     0.0011094285    3.28208e-05     0.0012342411    3.81646e-05        -4.56%      6.18%
         480         490        0.0010707767    2.94839e-05     0.0010165890    2.77231e-05     0.0011434850    3.18348e-05        -5.06%      6.79%
         490         500       0.00096535629    3.02529e-05    0.00091749051    2.83027e-05     0.0010305482    3.28976e-05        -4.96%      6.75%
         500         510       0.00086180160    2.65671e-05    0.00082280154    2.50072e-05    0.00091504616    2.87077e-05        -4.53%      6.18%
         510         520       0.00082925449    2.47021e-05    0.00078813519    2.32202e-05    0.00088520085    2.67546e-05        -4.96%      6.75%
         520         530       0.00078009749    2.40775e-05    0.00074317025    2.25440e-05    0.00083042232    2.61595e-05        -4.73%      6.45%
         530         540       0.00072720405    2.12555e-05    0.00069312358    1.99084e-05    0.00077375935    2.31325e-05        -4.69%      6.40%
         540         550       0.00070370268    2.69822e-05    0.00066798492    2.50074e-05    0.00075174771    2.96002e-05        -5.08%      6.83%
         550         560       0.00060685340    2.38694e-05    0.00057498030    2.23650e-05    0.00065007478    2.59216e-05        -5.25%      7.12%
         560         570       0.00045853228    2.24117e-05    0.00043758880    2.13110e-05    0.00048748456    2.39702e-05        -4.57%      6.31%
         570         580       0.00050503113    2.03883e-05    0.00047814613    1.90163e-05    0.00054167402    2.22797e-05        -5.32%      7.26%
         580         590       0.00046815454    2.14003e-05    0.00044439629    2.00604e-05    0.00050054903    2.32269e-05        -5.07%      6.92%
         590         600       0.00036130304    2.37486e-05    0.00034460467    2.23044e-05    0.00038444603    2.57114e-05        -4.62%      6.41%
         600         610       0.00040691040    2.38655e-05    0.00038276834    2.23047e-05    0.00043949976    2.59651e-05        -5.93%      8.01%
         610         620       0.00038582904    1.74563e-05    0.00036579492    1.63078e-05    0.00041325279    1.90265e-05        -5.19%      7.11%
         620         630       0.00037715427    2.07740e-05    0.00035484013    1.93384e-05    0.00040727237    2.27142e-05        -5.92%      7.99%
         630         640       0.00034141474    1.86229e-05    0.00032224700    1.74127e-05    0.00036761899    2.03053e-05        -5.61%      7.68%
         640         650       0.00030905208    1.61220e-05    0.00029141811    1.50658e-05    0.00033274115    1.75487e-05        -5.71%      7.67%
         650         660       0.00032174584    1.87139e-05    0.00030392291    1.73368e-05    0.00034552803    2.04739e-05        -5.54%      7.39%
         660         670       0.00028792771    1.46569e-05    0.00027309995    1.36925e-05    0.00030617535    1.58521e-05        -5.15%      6.34%
         670         680       0.00026985818    1.34651e-05    0.00025402664    1.25377e-05    0.00029099878    1.47166e-05        -5.87%      7.83%
         680         690       0.00024924808    1.58653e-05    0.00023788807    1.46262e-05    0.00026470467    1.75625e-05        -4.56%      6.20%
         690         700       0.00026045647    1.52301e-05    0.00024494851    1.42221e-05    0.00028132086    1.66170e-05        -5.95%      8.01%
         700         710       0.00019056906    1.63121e-05    0.00017897506    1.51812e-05    0.00020608541    1.78470e-05        -6.08%      8.14%
         710         720       0.00014639282    1.73353e-05    0.00013888263    1.65387e-05    0.00015816275    1.86775e-05        -5.13%      8.04%
         720         730       0.00018864410    1.66803e-05    0.00017714605    1.54667e-05    0.00020392388    1.82864e-05        -6.10%      8.10%
         730         740       0.00015868811    1.57138e-05    0.00015009928    1.47026e-05    0.00017058152    1.71013e-05        -5.41%      7.49%
         740         750       0.00013858890    1.12644e-05    0.00013025533    1.05277e-05    0.00014984931    1.22790e-05        -6.01%      8.13%
         750         760       0.00015342897    1.01901e-05    0.00014517475    9.55106e-06    0.00016433382    1.10550e-05        -5.38%      7.11%
         760         770       0.00015027964    9.73829e-06    0.00014180815    9.06358e-06    0.00016187767    1.06774e-05        -5.64%      7.72%
         770         780       0.00013552958    1.16490e-05    0.00012852251    1.08664e-05    0.00014508975    1.27177e-05        -5.17%      7.05%
         780         790       0.00010316991    1.12904e-05    9.6253692e-05    1.03823e-05    0.00011249235    1.25443e-05        -6.70%      9.04%
         790         800       0.00011899608    9.26274e-06    0.00011177618    8.60540e-06    0.00012846375    1.01799e-05        -6.07%      7.96%
         800         810       7.8849770e-05    1.70331e-05    7.4746741e-05    1.58169e-05    8.4461113e-05    1.86740e-05        -5.20%      7.12%
         810         820       0.00010672089    1.28765e-05    0.00010028673    1.20241e-05    0.00011543320    1.40375e-05        -6.03%      8.16%
         820         830       8.6335062e-05    1.13701e-05    8.1126929e-05    1.06889e-05    9.3477329e-05    1.23228e-05        -6.03%      8.27%
         830         840       9.6803440e-05    1.52159e-05    9.0755091e-05    1.39229e-05    0.00010508326    1.69830e-05        -6.25%      8.55%
         840         850       6.3790066e-05    8.51272e-06    6.0077873e-05    7.99828e-06    6.8842585e-05    9.22463e-06        -5.82%      7.92%
         850         860       7.6465970e-05    8.52183e-06    7.3344016e-05    8.03953e-06    8.0700596e-05    9.20312e-06        -4.08%      5.54%
         860         870       8.2691306e-05    8.13047e-06    7.7799977e-05    7.53044e-06    8.9244506e-05    8.94346e-06        -5.92%      7.92%
         870         880       6.2464257e-05    9.15295e-06    5.9211064e-05    8.63390e-06    6.6838480e-05    9.86862e-06        -5.21%      7.00%
         880         890       4.2226607e-05    1.12727e-05    3.9645363e-05    1.06128e-05    4.5650811e-05    1.21502e-05        -6.11%      8.11%
         890         900       7.6209493e-05    6.26886e-06    7.1106393e-05    5.70560e-06    8.2905189e-05    7.04449e-06        -6.70%      8.79%
         900         910       6.0885448e-05    8.07654e-06    5.7061014e-05    7.39608e-06    6.6128902e-05    9.06049e-06        -6.28%      8.61%
         910         920       5.9130928e-05    6.75437e-06    5.5649121e-05    6.28072e-06    6.3743762e-05    7.40569e-06        -5.89%      7.80%
         920         930       8.0993752e-05    9.59083e-06    7.6065370e-05    8.70562e-06    8.7630128e-05    1.08211e-05        -6.08%      8.19%
         930         940       3.2373927e-05    1.11067e-05    3.0616949e-05    1.03368e-05    3.4720711e-05    1.21283e-05        -5.43%      7.25%
         940         950       4.4209054e-05    6.63717e-06    4.1516731e-05    6.20695e-06    4.7793671e-05    7.24171e-06        -6.09%      8.11%
         950         960       5.2187993e-05    7.34603e-06    4.9458118e-05    6.74768e-06    5.5849693e-05    8.17664e-06        -5.23%      7.02%
         960         970       4.2318098e-05    1.02763e-05    3.9308466e-05    9.51935e-06    4.6248368e-05    1.12713e-05        -7.11%      9.29%
         970         980       2.9677885e-05    1.44872e-05    2.7467734e-05    1.32180e-05    3.2662010e-05    1.61881e-05        -7.45%     10.06%
         980         990       4.1189142e-05    5.79656e-06    3.9631302e-05    5.41093e-06    4.3173435e-05    6.33250e-06        -3.78%      4.82%
         990        1000       3.6632311e-05    6.70331e-06    3.4457208e-05    6.18435e-06    3.9593630e-05    7.44642e-06        -5.94%      8.08%
