#  left-edge  right-edge       scale-central  central-error        scale-min      min-error        scale-max      max-error      rel-down     rel-up
           0           5         0.033042031    0.000634052      0.031850215    0.000596408      0.033860261    0.000668457        -3.61%      2.48%
           5          10         0.097842838    0.000989681      0.093683963    0.000919247       0.10087173     0.00110062        -4.25%      3.10%
          10          15          0.16902816     0.00137650       0.16124186     0.00126187       0.17481169     0.00153039        -4.61%      3.42%
          15          20          0.28159020     0.00171296       0.26907117     0.00155762       0.28978737     0.00187573        -4.45%      2.91%
          20          25          0.41100840     0.00190550       0.39346269     0.00172911       0.42183377     0.00207890        -4.27%      2.63%
          25          30          0.52912298     0.00216310       0.51013276     0.00195513       0.54214856     0.00216433        -3.59%      2.46%
          30          35          0.56076850     0.00224611       0.54153234     0.00202854       0.57498695     0.00224835        -3.43%      2.54%
          35          40          0.44796147     0.00186127       0.42912207     0.00170258       0.46033354     0.00201526        -4.21%      2.76%
          40          45          0.32424601     0.00157289       0.31005846     0.00148099       0.33643557     0.00175037        -4.38%      3.76%
          45          50          0.25815129     0.00146297       0.24809145     0.00138715       0.26817179     0.00162750        -3.90%      3.88%
          50          55          0.21757508     0.00127580       0.20994898     0.00120618       0.22623186     0.00142069        -3.51%      3.98%
          55          60          0.18923499     0.00130502       0.18333830     0.00124251       0.19641883     0.00145392        -3.12%      3.80%
          60          65          0.17675287     0.00129829       0.17128720     0.00117875       0.18352283     0.00144674        -3.09%      3.83%
          65          70          0.15937359     0.00124059       0.15494577     0.00112651       0.16485803     0.00138227        -2.78%      3.44%
          70          75          0.15008328     0.00123254       0.14600725     0.00111908       0.15513198     0.00137343        -2.72%      3.36%
          75          80          0.13283238     0.00115408       0.12965532     0.00104799       0.13676758     0.00128583        -2.39%      2.96%
          80          85          0.12011505     0.00104650       0.11711628    0.000950641       0.12382942     0.00116559        -2.50%      3.09%
          85          90          0.10093967    0.000971936      0.098268914    0.000882786       0.10424775     0.00108268        -2.65%      3.28%
          90          95         0.078164433    0.000834649      0.075300947    0.000757931      0.081711240    0.000929931        -3.66%      4.54%
          95         100         0.057636095    0.000668527      0.055081364    0.000607052      0.060800469    0.000744875        -4.43%      5.49%
         100         105         0.044363190    0.000556477      0.042211477    0.000505287      0.047028370    0.000620049        -4.85%      6.01%
         105         110         0.034892145    0.000478266      0.033115287    0.000434312      0.037093018    0.000532857        -5.09%      6.31%
         110         115         0.028769637    0.000431117      0.027216579    0.000391385      0.030693304    0.000480450        -5.40%      6.69%
         115         120         0.023428713    0.000398543      0.022134481    0.000361702      0.025031792    0.000444273        -5.52%      6.84%
         120         125         0.019594682    0.000346095      0.018483425    0.000314178      0.020971121    0.000385722        -5.67%      7.02%
         125         130         0.016483921    0.000309258      0.015532880    0.000281892      0.017654952    0.000344498        -5.77%      7.10%
         130         135         0.013804601    0.000300071      0.012964149    0.000272838      0.014808233    0.000331983        -6.09%      7.27%
         135         140         0.011835099    0.000267875      0.011088890    0.000243263      0.012729768    0.000296632        -6.31%      7.56%
         140         145         0.010111942    0.000219901     0.0094492566    0.000199583      0.010908933    0.000243832        -6.55%      7.88%
         145         150        0.0090175777    0.000189140     0.0084039188    0.000170903     0.0097522369    0.000210757        -6.81%      8.15%
         150         155        0.0077954210    0.000202121     0.0072556320    0.000180480     0.0084441029    0.000229158        -6.92%      8.32%
         155         160        0.0067894425    0.000196303     0.0062806709    0.000175411     0.0074112767    0.000222541        -7.49%      9.16%
         160         165        0.0060186871    0.000173890     0.0055706033    0.000156386     0.0065619112    0.000194722        -7.44%      9.03%
         165         170        0.0054628247    0.000164765     0.0050486569    0.000148064     0.0059655209    0.000184746        -7.58%      9.20%
         170         175        0.0045008983    0.000139862     0.0041485462    0.000125287     0.0049323884    0.000157366        -7.83%      9.59%
         175         180        0.0044891385    0.000213560     0.0041274270    0.000192236     0.0049316058    0.000238730        -8.06%      9.86%
         180         185        0.0036692311    0.000205150     0.0033759252    0.000185102     0.0040298245    0.000228613        -7.99%      9.83%
         185         190        0.0033180960    0.000126360     0.0030463915    0.000111757     0.0036527769    0.000144381        -8.19%     10.09%
         190         195        0.0030249349    0.000127948     0.0027654269    0.000112807     0.0033453806    0.000146586        -8.58%     10.59%
         195         200        0.0027840895    0.000107036     0.0025410924    9.45531e-05     0.0030819819    0.000122368        -8.73%     10.70%
         200         205        0.0023622253    9.07591e-05     0.0021611383    7.99231e-05     0.0026097449    0.000104275        -8.51%     10.48%
         205         210        0.0021493926    0.000100654     0.0019604231    8.95985e-05     0.0023856666    0.000114119        -8.79%     10.99%
         210         215        0.0021257013    0.000100277     0.0019297377    8.90611e-05     0.0023683893    0.000113909        -9.22%     11.42%
         215         220        0.0018000033    7.17118e-05     0.0016322680    6.24054e-05     0.0020097773    8.34878e-05        -9.32%     11.65%
         220         225        0.0017673613    8.99801e-05     0.0015948481    7.88701e-05     0.0019822050    0.000103692        -9.76%     12.16%
         225         230        0.0015650252    7.99769e-05     0.0014143556    6.99164e-05     0.0017536128    9.25245e-05        -9.63%     12.05%
         230         235        0.0013671340    7.95060e-05     0.0012368422    6.99285e-05     0.0015300411    9.12983e-05        -9.53%     11.92%
         235         240        0.0015300477    0.000111962     0.0013754144    9.92230e-05     0.0017225869    0.000127401       -10.11%     12.58%
         240         245        0.0010656987    0.000113806    0.00096185841    0.000100696     0.0011972034    0.000129653        -9.74%     12.34%
         245         250        0.0011019548    7.25860e-05    0.00099132323    6.38112e-05     0.0012410849    8.33376e-05       -10.04%     12.63%
         250         255       0.00091232944    9.39528e-05    0.00082309464    8.21510e-05     0.0010248345    0.000108479        -9.78%     12.33%
         255         260       0.00097373990    9.14049e-05    0.00087375066    7.98187e-05     0.0010991681    0.000105717       -10.27%     12.88%
         260         265       0.00079351255    5.59888e-05    0.00071636284    4.83778e-05    0.00089138632    6.57871e-05        -9.72%     12.33%
         265         270       0.00080657809    6.04382e-05    0.00071873562    5.22154e-05    0.00091859629    7.08525e-05       -10.89%     13.89%
         270         275       0.00063208485    4.62045e-05    0.00056726424    3.99634e-05    0.00071461414    5.40816e-05       -10.26%     13.06%
         275         280       0.00068704202    3.90162e-05    0.00061288422    3.37823e-05    0.00078067868    4.56620e-05       -10.79%     13.63%
         280         285       0.00066657946    4.38668e-05    0.00059962737    3.83513e-05    0.00075104886    5.08459e-05       -10.04%     12.67%
         285         290       0.00047681107    4.67555e-05    0.00042578663    4.07526e-05    0.00054262754    5.42377e-05       -10.70%     13.80%
         290         295       0.00052051421    4.82622e-05    0.00046645234    4.13560e-05    0.00058941221    5.71342e-05       -10.39%     13.24%
         295         300       0.00045971548    6.68244e-05    0.00041607157    5.51288e-05    0.00051372111    8.26854e-05        -9.49%     11.75%
         300         305       0.00053854034    6.23323e-05    0.00047422549    5.11647e-05    0.00062138974    7.75474e-05       -11.94%     15.38%
         305         310       0.00042302428    3.62839e-05    0.00037638933    3.11511e-05    0.00048332461    4.29308e-05       -11.02%     14.25%
         310         315       0.00040545701    3.76911e-05    0.00035998848    3.25273e-05    0.00046416676    4.43283e-05       -11.21%     14.48%
         315         320       0.00033154437    3.87483e-05    0.00029444001    3.36008e-05    0.00037955012    4.52867e-05       -11.19%     14.48%
         320         325       0.00038016963    2.96833e-05    0.00033795722    2.54886e-05    0.00043391398    3.50753e-05       -11.10%     14.14%
         325         330       0.00032951468    2.69935e-05    0.00029365185    2.30807e-05    0.00037579513    3.20521e-05       -10.88%     14.05%
         330         335       0.00025699890    4.67785e-05    0.00023032674    4.01912e-05    0.00029199773    5.51086e-05       -10.38%     13.62%
         335         340       0.00028674743    4.63390e-05    0.00025456682    3.99117e-05    0.00032775390    5.42916e-05       -11.22%     14.30%
         340         345       0.00026642223    2.86180e-05    0.00023564059    2.43322e-05    0.00030634248    3.42055e-05       -11.55%     14.98%
         345         350       0.00025671582    2.72955e-05    0.00022707632    2.30350e-05    0.00029475346    3.28893e-05       -11.55%     14.82%
         350         355       0.00028136452    3.07435e-05    0.00024779846    2.61316e-05    0.00032448540    3.67377e-05       -11.93%     15.33%
         355         360       0.00021538877    3.13299e-05    0.00018794238    2.66012e-05    0.00025150503    3.74353e-05       -12.74%     16.77%
         360         365       0.00028040021    5.91041e-05    0.00024815354    5.14144e-05    0.00032147564    6.87024e-05       -11.50%     14.65%
         365         370       0.00015863821    5.80280e-05    0.00014029246    5.05015e-05    0.00018318196    6.74256e-05       -11.56%     15.47%
         370         375       0.00019296960    2.32125e-05    0.00017118108    1.91747e-05    0.00022138089    2.87019e-05       -11.29%     14.72%
         375         380       0.00018392601    3.39144e-05    0.00016655517    3.02673e-05    0.00020628540    3.87233e-05        -9.44%     12.16%
         380         385       0.00014455341    2.15386e-05    0.00012767316    1.81782e-05    0.00016681262    2.59532e-05       -11.68%     15.40%
         385         390       0.00013974274    2.24957e-05    0.00012260121    1.90229e-05    0.00016199277    2.70040e-05       -12.27%     15.92%
         390         395       9.5063772e-05    4.73899e-05    8.6955355e-05    3.87808e-05    0.00010494702    5.90271e-05        -8.53%     10.40%
         395         400       0.00011881229    1.98341e-05    0.00010548149    1.66236e-05    0.00013610136    2.40936e-05       -11.22%     14.55%
         400         405       0.00018391907    2.17924e-05    0.00015838191    1.81237e-05    0.00021754326    2.66585e-05       -13.88%     18.28%
         405         410       0.00016531050    4.57252e-05    0.00014186999    3.71975e-05    0.00019649132    5.72951e-05       -14.18%     18.86%
         410         415       0.00012782171    1.54660e-05    0.00011206291    1.31904e-05    0.00014845849    1.84208e-05       -12.33%     16.14%
         415         420       7.8736774e-05    1.32346e-05    6.9882889e-05    1.10325e-05    9.0288635e-05    1.61811e-05       -11.24%     14.67%
         420         425       0.00012000796    1.54612e-05    0.00010375419    1.30585e-05    0.00014116189    1.86172e-05       -13.54%     17.63%
         425         430       6.4578687e-05    1.54557e-05    5.7777455e-05    1.29939e-05    7.3566913e-05    1.87035e-05       -10.53%     13.92%
         430         435       6.8853191e-05    3.21494e-05    5.9474359e-05    2.61695e-05    8.1157593e-05    4.02910e-05       -13.62%     17.87%
         435         440       9.2965773e-05    1.94924e-05    8.1594141e-05    1.62209e-05    0.00010786777    2.38336e-05       -12.23%     16.03%
         440         445       0.00010531946    2.86578e-05    9.0712745e-05    2.32065e-05    0.00012470105    3.61446e-05       -13.87%     18.40%
         445         450       5.7186095e-05    1.75222e-05    5.3118277e-05    1.26259e-05    6.2207452e-05    2.46911e-05        -7.11%      8.78%
         450         455       5.6797130e-05    7.14675e-06    5.0201566e-05    5.72577e-06    6.5803910e-05    9.23529e-06       -11.61%     15.86%
         455         460       7.4945769e-05    1.12887e-05    6.4853471e-05    9.47871e-06    8.8216687e-05    1.36757e-05       -13.47%     17.71%
         460         465       5.7654867e-05    1.07285e-05    5.0405957e-05    8.83423e-06    6.7360632e-05    1.33100e-05       -12.57%     16.83%
         465         470       6.7205510e-05    1.55451e-05    6.0981089e-05    1.23332e-05    7.5333526e-05    2.04419e-05        -9.26%     12.09%
         470         475       4.8461969e-05    8.45794e-06    4.2666497e-05    6.98959e-06    5.6158169e-05    1.04551e-05       -11.96%     15.88%
         475         480       4.7367724e-05    8.43826e-06    4.1525801e-05    7.09321e-06    5.5082503e-05    1.02280e-05       -12.33%     16.29%
         480         485       5.4598907e-05    1.03274e-05    4.8638812e-05    8.46825e-06    6.2376249e-05    1.31865e-05       -10.92%     14.24%
         485         490       3.3202993e-05    6.89044e-06    2.9535514e-05    5.54761e-06    3.7702595e-05    8.70944e-06       -11.05%     13.55%
         490         495       3.7855670e-05    7.54916e-06    3.3176551e-05    6.15663e-06    4.4081231e-05    9.45026e-06       -12.36%     16.45%
         495         500       5.0064007e-05    1.13773e-05    4.3679219e-05    9.62865e-06    5.8413638e-05    1.36864e-05       -12.75%     16.68%
         500         505       3.7748976e-05    7.74081e-06    3.3910739e-05    6.49346e-06    4.2795154e-05    9.44374e-06       -10.17%     13.37%
         505         510       3.5142053e-05    9.67335e-06    3.0816237e-05    8.03964e-06    4.0990161e-05    1.18563e-05       -12.31%     16.64%
         510         515       5.3382720e-05    1.12036e-05    4.6622479e-05    9.26275e-06    6.2420421e-05    1.38386e-05       -12.66%     16.93%
         515         520       4.0424025e-05    6.61853e-06    3.4745192e-05    5.44934e-06    4.8042936e-05    8.22938e-06       -14.05%     18.85%
         520         525       3.2839527e-05    5.30781e-06    2.8616542e-05    4.39635e-06    3.8442091e-05    6.58982e-06       -12.86%     17.06%
         525         530       1.5897685e-05    2.06084e-06    1.4576471e-05    1.76445e-06    1.7615798e-05    2.48297e-06        -8.31%     10.81%
         530         535       3.2571727e-05    8.09341e-06    2.8465330e-05    6.67351e-06    3.8020759e-05    1.00057e-05       -12.61%     16.73%
         535         540       2.6336337e-05    1.08888e-05    2.3956685e-05    9.48119e-06    2.9065815e-05    1.24188e-05        -9.04%     10.36%
         540         545       2.9264389e-05    5.52622e-06    2.5310177e-05    4.61139e-06    3.4510360e-05    6.74283e-06       -13.51%     17.93%
         545         550       2.0939875e-05    4.30215e-06    1.8676196e-05    3.52773e-06    2.3953229e-05    5.40721e-06       -10.81%     14.39%
         550         555       1.2386058e-05    4.50312e-06    1.1223858e-05    3.75902e-06    1.3932965e-05    5.50060e-06        -9.38%     12.49%
         555         560      -7.2906324e-06    1.60268e-05   -9.9355825e-06    1.93653e-05   -5.1713461e-06    1.34599e-05        36.28%    -29.07%
         560         565       3.5774495e-06    3.04381e-06    1.6733306e-06    4.25784e-06    4.9679014e-06    2.15059e-06       -53.23%     38.87%
         565         570       1.4509880e-05    8.14024e-06    1.2520794e-05    6.56662e-06    1.7520055e-05    1.04258e-05       -13.71%     20.75%
         570         575       1.7284036e-05    9.55719e-06    1.5612694e-05    7.71049e-06    1.9293855e-05    1.21904e-05        -9.67%     11.63%
         575         580       1.9361808e-05    7.71240e-06    1.6561693e-05    6.26540e-06    2.3158277e-05    9.71053e-06       -14.46%     19.61%
         580         585       9.8912876e-06    8.12156e-06    8.5531021e-06    1.18237e-05    1.1072819e-05    6.05901e-06       -13.53%     11.95%
         585         590       2.0802308e-05    6.84190e-06    1.8071456e-05    5.76048e-06    2.4529393e-05    8.29179e-06       -13.13%     17.92%
         590         595       3.1943936e-05    1.42068e-05    2.8377177e-05    1.26470e-05    3.6480648e-05    1.61260e-05       -11.17%     14.20%
         595         600       1.0815420e-05    7.71201e-06    9.8604515e-06    6.31386e-06    1.2051618e-05    9.64255e-06        -8.83%     11.43%
         600         605       1.9893463e-05    7.72169e-06    1.6871831e-05    6.24876e-06    2.4049665e-05    9.76393e-06       -15.19%     20.89%
         605         610       9.4642203e-06    2.81152e-06    8.8788899e-06    2.22344e-06    1.0159660e-05    3.69819e-06        -6.18%      7.35%
         610         615       2.1398524e-05    7.37739e-06    1.8300155e-05    6.13880e-06    2.5513898e-05    9.03654e-06       -14.48%     19.23%
         615         620       1.1759131e-05    3.80956e-06    1.0617213e-05    3.13560e-06    1.3236900e-05    4.73418e-06        -9.71%     12.57%
         620         625       1.1625562e-05    4.80241e-06    1.0500486e-05    3.97336e-06    1.3070868e-05    5.91854e-06        -9.68%     12.43%
         625         630       8.8037129e-06    4.35639e-06    8.3377822e-06    3.59204e-06    9.3601532e-06    5.40296e-06        -5.29%      6.32%
         630         635       1.2938112e-05    5.76479e-06    1.0877692e-05    4.51188e-06    1.5862296e-05    7.54031e-06       -15.93%     22.60%
         635         640       1.4542042e-05    4.18968e-06    1.2757750e-05    3.41538e-06    1.6967051e-05    5.24577e-06       -12.27%     16.68%
         640         645       1.4493952e-05    5.19584e-06    1.2632254e-05    4.18787e-06    1.6994122e-05    6.58255e-06       -12.84%     17.25%
         645         650       1.9830871e-05    7.21064e-06    1.7016062e-05    5.92330e-06    2.3598492e-05    8.99905e-06       -14.19%     19.00%
         650         655       1.6064538e-05    6.42928e-06    1.3732030e-05    5.10177e-06    1.9260637e-05    8.28375e-06       -14.52%     19.90%
         655         660       1.3143840e-05    3.01897e-06    1.1639316e-05    2.51168e-06    1.5169753e-05    3.73534e-06       -11.45%     15.41%
         660         665       2.9378147e-06    7.22646e-06    2.6504031e-06    8.28082e-06    3.1928077e-06    6.36594e-06        -9.78%      8.68%
         665         670       6.0427085e-06    1.21260e-05    5.1064943e-06    9.80089e-06    7.4075311e-06    1.53082e-05       -15.49%     22.59%
         670         675       4.5189743e-05    2.24336e-05    3.6964928e-05    1.79663e-05    5.6487281e-05    2.86170e-05       -18.20%     25.00%
         675         680       4.3235090e-06    9.47021e-06    3.8888113e-06    7.69106e-06    4.9680360e-06    1.18976e-05       -10.05%     14.91%
         680         685       5.9116759e-06    1.99685e-06    5.0236784e-06    1.59190e-06    7.1513772e-06    2.56661e-06       -15.02%     20.97%
         685         690       2.2613179e-06    6.40925e-06    1.9525637e-06    5.79712e-06    2.7145443e-06    7.14542e-06       -13.65%     20.04%
         690         695      -4.4287130e-07    7.07887e-06   -1.0153810e-06    8.81804e-06    9.4118977e-09    5.79074e-06       129.27%   -102.13%
         695         700       5.9641008e-06    3.11325e-06    4.9961328e-06    2.52897e-06    7.2796634e-06    3.90412e-06       -16.23%     22.06%
         700         705       9.4792379e-06    6.80724e-06    8.2492683e-06    5.66325e-06    1.1029668e-05    8.33482e-06       -12.98%     16.36%
         705         710       4.3152014e-06    2.18465e-06    3.9317348e-06    1.76174e-06    4.8077681e-06    2.77242e-06        -8.89%     11.41%
         710         715       9.3156495e-07    3.31295e-06    8.3523391e-07    3.67869e-06    1.0093370e-06    3.01951e-06       -10.34%      8.35%
         715         720       1.1288698e-05    4.09003e-06    9.3156129e-06    3.19019e-06    1.4065082e-05    5.42409e-06       -17.48%     24.59%
         720         725       6.0843312e-06    2.22848e-06    5.0800861e-06    1.80940e-06    7.4603045e-06    2.80665e-06       -16.51%     22.62%
         725         730       4.6784470e-06    3.35475e-06    3.9567938e-06    2.77445e-06    5.6560157e-06    4.13324e-06       -15.43%     20.90%
         730         735       1.1396034e-05    7.94510e-06    1.0374769e-05    7.07624e-06    1.2573872e-05    8.99701e-06        -8.96%     10.34%
         735         740       3.2756873e-06    1.67719e-06    2.9303925e-06    1.37653e-06    3.7144394e-06    2.08955e-06       -10.54%     13.39%
         740         745       4.3542965e-06    2.31248e-06    4.0046133e-06    1.97933e-06    4.7673933e-06    2.78078e-06        -8.03%      9.49%
         745         750       8.5575502e-06    6.00136e-06    7.1631310e-06    4.90473e-06    1.0464278e-05    7.50958e-06       -16.29%     22.28%
         750         755      -2.3130119e-06    5.45777e-06   -3.3757052e-06    6.94051e-06   -1.5598523e-06    4.38218e-06        45.94%    -32.56%
         755         760       3.3526938e-06    1.39500e-06    2.9158956e-06    1.17909e-06    3.9196393e-06    1.69204e-06       -13.03%     16.91%
         760         765      -1.2334448e-05    2.25167e-05   -1.4714076e-05    2.74386e-05   -1.0443260e-05    1.87800e-05        19.29%    -15.33%
         765         770       3.7723006e-06    1.88772e-06    3.0429177e-06    1.49098e-06    4.8035051e-06    2.44865e-06       -19.34%     27.34%
         770         775       3.9541775e-06    3.83806e-06    3.6017523e-06    3.46982e-06    4.4001767e-06    4.27744e-06        -8.91%     11.28%
         775         780       7.4813324e-06    2.83822e-06    6.1984220e-06    2.34086e-06    9.2468618e-06    3.50732e-06       -17.15%     23.60%
         780         785       1.7628118e-06    1.01058e-06    1.5095419e-06    8.07779e-07    2.1233920e-06    1.29442e-06       -14.37%     20.45%
         785         790       1.7310788e-05    9.69647e-06    1.4342083e-05    8.05361e-06    2.1298554e-05    1.18757e-05       -17.15%     23.04%
         790         795       2.6008360e-06    1.30598e-06    2.1545708e-06    1.05898e-06    3.2239287e-06    1.64718e-06       -17.16%     23.96%
         795         800       3.6918292e-06    5.45905e-06    3.1184721e-06    4.47953e-06    4.4772088e-06    6.77726e-06       -15.53%     21.27%
         800         805       9.6985440e-07    5.26634e-06    8.0200369e-07    4.32742e-06    1.1971707e-06    6.52291e-06       -17.31%     23.44%
         805         810       1.1918737e-06    7.92636e-07    9.8168542e-07    6.29210e-07    1.4967865e-06    1.02693e-06       -17.64%     25.58%
         810         815      -9.8367532e-07    4.11404e-06   -1.4792561e-06    5.37630e-06   -6.0870787e-07    3.22616e-06        50.38%    -38.12%
         815         820       2.7263952e-06    1.11231e-06    2.2499021e-06    9.09306e-07    3.4066980e-06    1.40545e-06       -17.48%     24.95%
         820         825       9.2360267e-06    4.74453e-06    7.4531818e-06    3.73629e-06    1.1730305e-05    6.17310e-06       -19.30%     27.01%
         825         830       4.2283253e-06    2.62032e-06    3.7953439e-06    2.33236e-06    4.7799029e-06    2.99626e-06       -10.24%     13.04%
         830         835       1.5437660e-05    7.55859e-06    1.2149844e-05    5.89472e-06    2.0086177e-05    9.92411e-06       -21.30%     30.11%
         835         840       3.6689571e-06    1.90553e-06    3.2754162e-06    1.68747e-06    4.1527377e-06    2.18528e-06       -10.73%     13.19%
         840         845      -8.3568232e-06    6.01119e-06   -1.1128501e-05    7.96594e-06   -6.4317389e-06    4.65149e-06        33.17%    -23.04%
         845         850       9.2958375e-06    6.19705e-06    7.3660547e-06    4.84517e-06    1.2040510e-05    8.11370e-06       -20.76%     29.53%
         850         855       2.0712479e-06    8.85986e-07    1.6917652e-06    7.26538e-07    2.6025577e-06    1.10848e-06       -18.32%     25.65%
         855         860      -4.2379250e-06    5.84363e-06   -5.4113978e-06    7.55708e-06   -3.3768610e-06    4.61926e-06        27.69%    -20.32%
         860         865       4.3184054e-06    2.57754e-06    3.5374112e-06    2.10190e-06    5.3936232e-06    3.22808e-06       -18.09%     24.90%
         865         870       5.1818711e-07    8.31463e-07    4.5894382e-07    7.15676e-07    6.0255617e-07    9.83646e-07       -11.43%     16.28%
         870         875       6.3450363e-06    2.39702e-06    5.0537462e-06    1.87603e-06    8.1705621e-06    3.14108e-06       -20.35%     28.77%
         875         880       1.6017898e-06    9.96996e-07    1.4292142e-06    8.86627e-07    1.8195708e-06    1.13554e-06       -10.77%     13.60%
         880         885       2.4464850e-06    1.27233e-06    2.0192904e-06    1.02240e-06    3.0316875e-06    1.61743e-06       -17.46%     23.92%
         885         890       2.1938823e-06    3.63227e-06    1.6995749e-06    2.73167e-06    2.9626534e-06    4.96563e-06       -22.53%     35.04%
         890         895       8.8301589e-07    1.94768e-06    7.1561723e-07    1.55163e-06    1.1195927e-06    2.50205e-06       -18.96%     26.79%
         895         900       2.7995194e-06    1.72079e-06    2.2892682e-06    1.36233e-06    3.5259754e-06    2.22788e-06       -18.23%     25.95%
         900         905       3.3734985e-06    2.25278e-06    2.7276472e-06    1.76194e-06    4.2869069e-06    2.95491e-06       -19.14%     27.08%
         905         910       7.1387819e-07    7.76811e-07    6.7979136e-07    9.70584e-07    7.3010760e-07    7.45912e-07        -4.77%      2.27%
         910         915       3.4832131e-07    9.77320e-07    2.9456150e-07    8.71791e-07    4.1799209e-07    1.10589e-06       -15.43%     20.00%
         915         920       1.5356512e-06    1.20759e-06    1.3012377e-06    9.37948e-07    1.8614761e-06    1.59155e-06       -15.26%     21.22%
         920         925       1.2465493e-06    7.76685e-07    9.6670579e-07    5.89168e-07    1.6593384e-06    1.05527e-06       -22.45%     33.11%
         925         930       4.9821750e-06    4.98505e-06    3.9368520e-06    3.85884e-06    6.4980033e-06    6.62722e-06       -20.98%     30.43%
         930         935       3.4882189e-07    1.19563e-06    3.1027917e-07    1.01481e-06    4.0912729e-07    1.42657e-06       -11.05%     17.29%
         935         940       2.0124592e-05    1.72569e-05    1.7839034e-05    1.52840e-05    2.3873800e-05    2.06024e-05       -11.36%     18.63%
         940         945       2.3583926e-06    1.36576e-06    1.9571304e-06    1.09860e-06    2.9200794e-06    1.76334e-06       -17.01%     23.82%
         945         950       1.0254697e-06    3.64602e-07    9.1238844e-07    3.22857e-07    1.1830983e-06    4.31951e-07       -11.03%     15.37%
         950         955      -2.8483492e-06    2.27849e-06   -3.8850060e-06    3.02369e-06   -2.1376126e-06    1.75911e-06        36.40%    -24.95%
         955         960       1.8891319e-06    1.14922e-06    1.5483434e-06    9.10020e-07    2.3682477e-06    1.49048e-06       -18.04%     25.36%
         960         965       2.7160494e-06    1.30762e-06    2.2115561e-06    1.05107e-06    3.4145471e-06    1.66551e-06       -18.57%     25.72%
         965         970      -5.0457183e-06    4.07440e-06   -7.5079484e-06    6.14366e-06   -3.3203499e-06    2.62587e-06        48.80%    -34.19%
         970         975       2.6561733e-06    1.80451e-06    2.1969059e-06    1.45057e-06    3.2807507e-06    2.30009e-06       -17.29%     23.51%
         975         980      -3.5203242e-07    1.93509e-06   -4.3356696e-07    2.52066e-06   -2.8617023e-07    1.52070e-06        23.16%    -18.71%
         980         985       1.2507333e-06    9.07237e-07    1.0348131e-06    7.24771e-07    1.5518029e-06    1.17400e-06       -17.26%     24.07%
         985         990       1.3392151e-06    5.20692e-07    1.0928052e-06    4.24116e-07    1.6831037e-06    6.61191e-07       -18.40%     25.68%
         990         995       1.8809270e-06    8.62899e-07    1.6044906e-06    7.08855e-07    2.2719839e-06    1.08581e-06       -14.70%     20.79%
         995        1000       5.4743051e-06    5.98664e-06    4.3905862e-06    4.79328e-06    6.9921780e-06    7.64873e-06       -19.80%     27.73%
