#  left-edge  right-edge       scale-central  central-error        scale-min      min-error        scale-max      max-error      rel-down     rel-up
           0         0.1                   0              0                0              0                0              0            0%         0%
         0.1         0.2                   0              0                0              0                0              0            0%         0%
         0.2         0.3        0.0037992049    0.000468616     0.0031840258    0.000373793     0.0044037902    0.000567135       -16.19%     15.91%
         0.3         0.4         0.011749218     0.00163201      0.010011689     0.00129453      0.013427743     0.00197920       -14.79%     14.29%
         0.4         0.5         0.019509375    0.000643185      0.017087061    0.000543339      0.021771324    0.000742788       -12.42%     11.59%
         0.5         0.6         0.038424020    0.000860731      0.033926320    0.000748799      0.042577997    0.000970328       -11.71%     10.81%
         0.6         0.7         0.065016005     0.00168307      0.057739548     0.00138263      0.071703052     0.00199074       -11.19%     10.29%
         0.7         0.8          0.10165399     0.00160153      0.091097988     0.00146027       0.11121570     0.00174465       -10.38%      9.41%
         0.8         0.9          0.15495627     0.00163117       0.13904615     0.00142667       0.16928032     0.00183279       -10.27%      9.24%
         0.9           1          0.22254121     0.00190507       0.20041636     0.00170410       0.24235441     0.00209758        -9.94%      8.90%
           1         1.1          0.30983903     0.00228263       0.27932231     0.00210096       0.33706661     0.00246023        -9.85%      8.79%
         1.1         1.2          0.41129202     0.00227231       0.37157526     0.00204667       0.44655108     0.00248412        -9.66%      8.57%
         1.2         1.3          0.54931899     0.00287272       0.49618550     0.00257565       0.59647469     0.00316082        -9.67%      8.58%
         1.3         1.4          0.70002024     0.00277330       0.63346177     0.00249801       0.75884817     0.00303238        -9.51%      8.40%
         1.4         1.5          0.90093060     0.00342202       0.81499918     0.00311506       0.97694422     0.00371268        -9.54%      8.44%
         1.5         1.6           1.1088214     0.00347679        1.0032926     0.00311690        1.2020609     0.00381671        -9.52%      8.41%
         1.6         1.7           1.3773609     0.00364588        1.2454821     0.00329049        1.4939223     0.00397764        -9.57%      8.46%
         1.7         1.8           1.6814310     0.00387559        1.5190196     0.00349319        1.8251230     0.00423328        -9.66%      8.55%
         1.8         1.9           2.0604574     0.00440596        1.8603408     0.00393144        2.2376863     0.00485918        -9.71%      8.60%
         1.9           2           2.5128208     0.00489285        2.2670397     0.00443786        2.7307361     0.00531727        -9.78%      8.67%
           2         2.1           3.0515229     0.00539609        2.7498488     0.00494296        3.3194810     0.00582037        -9.89%      8.78%
         2.1         2.2           3.7204813     0.00558135        3.3459559     0.00503901        4.0540256     0.00608424       -10.07%      8.97%
         2.2         2.3           4.5687894     0.00613544        4.0997696     0.00551473        4.9878801     0.00671324       -10.27%      9.17%
         2.3         2.4           5.6936026     0.00692443        5.0963966     0.00621606        6.2291455     0.00758393       -10.49%      9.41%
         2.4         2.5           7.1399390     0.00791497        6.3729057     0.00707662        7.8304684     0.00870268       -10.74%      9.67%
         2.5         2.6           9.0674190     0.00900824        8.0653497     0.00801784        9.9736587     0.00994003       -11.05%      9.99%
         2.6         2.7           11.596576      0.0106836        10.283903     0.00952025        12.788381      0.0117855       -11.32%     10.28%
         2.7         2.8           14.997550      0.0124644        13.253990      0.0110273        16.586960      0.0138281       -11.63%     10.60%
         2.8         2.9           19.442631      0.0149776        17.126130      0.0131913        21.562059      0.0166707       -11.91%     10.90%
         2.9           3           24.675500      0.0190224        21.672368      0.0164785        27.432228      0.0214915       -12.17%     11.17%
           3         3.1           31.126102      0.0223078        27.270909      0.0194596        34.674260      0.0250190       -12.39%     11.40%
         3.1         3.2           29.479895      0.0233980        25.804315      0.0204372        32.866306      0.0262136       -12.47%     11.49%
         3.2         3.3           16.519890      0.0176553        14.460542      0.0153811        18.417773      0.0198148       -12.47%     11.49%
         3.3         3.4           11.286552      0.0150063        9.8853702      0.0130956        12.577461      0.0168113       -12.41%     11.44%
         3.4         3.5           8.1136460      0.0127562        7.1126152      0.0111224        9.0355259      0.0143044       -12.34%     11.36%
         3.5         3.6           5.9409096      0.0111494        5.2154048     0.00975505        6.6084247      0.0124686       -12.21%     11.24%
         3.6         3.7           4.3782488     0.00966831        3.8494827     0.00845891        4.8642855      0.0108139       -12.08%     11.10%
         3.7         3.8           3.2551438     0.00876949        2.8684978     0.00770274        3.6099290     0.00977476       -11.88%     10.90%
         3.8         3.9           2.4230639     0.00792884        2.1387642     0.00693933        2.6837457     0.00886883       -11.73%     10.76%
         3.9           4           1.8057193     0.00688942        1.5991878     0.00608242        1.9946170     0.00764808       -11.44%     10.46%
           4         4.1           1.3189284     0.00619648        1.1712557     0.00557375        1.4538004     0.00679668       -11.20%     10.23%
         4.1         4.2          0.96553486     0.00510045       0.85981869     0.00451071        1.0618552     0.00566326       -10.95%      9.98%
         4.2         4.3          0.69942333     0.00434217       0.62534009     0.00386320       0.76672134     0.00480161       -10.59%      9.62%
         4.3         4.4          0.50700609     0.00374984       0.45584349     0.00336483       0.55326062     0.00411412       -10.09%      9.12%
         4.4         4.5          0.36647437     0.00348477       0.33027858     0.00311335       0.39912174     0.00383748        -9.88%      8.91%
         4.5         4.6          0.26726841     0.00270643       0.24271801     0.00246227       0.28924121     0.00293766        -9.19%      8.22%
         4.6         4.7          0.18494137     0.00224986       0.16861190     0.00206103       0.19949686     0.00242660        -8.83%      7.87%
         4.7         4.8          0.13046931     0.00200389       0.11979613     0.00184771       0.13990618     0.00214785        -8.18%      7.23%
         4.8         4.9         0.095353331     0.00170087      0.088307922     0.00160100       0.10151438     0.00179149        -7.39%      6.46%
         4.9           5         0.063244344     0.00167714      0.059215815     0.00164360      0.066733348     0.00171444        -6.37%      5.52%
           5         5.1         0.041730068     0.00105433      0.038900920     0.00100187      0.044190102     0.00110388        -6.78%      5.90%
         5.1         5.2         0.025214939    0.000775688      0.023751644    0.000747138      0.026460957    0.000800958        -5.80%      4.94%
         5.2         5.3         0.018411048    0.000715083      0.017427040    0.000687025      0.019231743    0.000739261        -5.34%      4.46%
         5.3         5.4         0.011589603    0.000659963      0.011003224    0.000633621      0.012080284    0.000683064        -5.06%      4.23%
         5.4         5.5        0.0067662166    0.000474074     0.0064725047    0.000462791     0.0070031380    0.000482767        -4.34%      3.50%
         5.5         5.6        0.0036111711    0.000344029     0.0035018094    0.000338632     0.0036936951    0.000347474        -3.03%      2.29%
         5.6         5.7        0.0012570266    0.000205664     0.0012239438    0.000201308     0.0012801844    0.000208683        -2.63%      1.84%
         5.7         5.8       0.00064146610    0.000138857    0.00061469839    0.000135226    0.00066283171    0.000141501        -4.17%      3.33%
         5.8         5.9       1.5563183e-05    6.75407e-06    1.5489469e-05    6.72754e-06    1.5563183e-05    6.75407e-06        -0.47%   0.00000%
         5.9           6                   0              0                0              0                0              0            0%         0%
           6         6.1                   0              0                0              0                0              0            0%         0%
         6.1         6.2                   0              0                0              0                0              0            0%         0%
         6.2         6.3                   0              0                0              0                0              0            0%         0%
         6.3         6.4                   0              0                0              0                0              0            0%         0%
         6.4         6.5                   0              0                0              0                0              0            0%         0%
         6.5         6.6                   0              0                0              0                0              0            0%         0%
         6.6         6.7                   0              0                0              0                0              0            0%         0%
         6.7         6.8                   0              0                0              0                0              0            0%         0%
         6.8         6.9                   0              0                0              0                0              0            0%         0%
         6.9           7                   0              0                0              0                0              0            0%         0%
           7         7.1                   0              0                0              0                0              0            0%         0%
         7.1         7.2                   0              0                0              0                0              0            0%         0%
         7.2         7.3                   0              0                0              0                0              0            0%         0%
         7.3         7.4                   0              0                0              0                0              0            0%         0%
         7.4         7.5                   0              0                0              0                0              0            0%         0%
         7.5         7.6                   0              0                0              0                0              0            0%         0%
         7.6         7.7                   0              0                0              0                0              0            0%         0%
         7.7         7.8                   0              0                0              0                0              0            0%         0%
         7.8         7.9                   0              0                0              0                0              0            0%         0%
         7.9           8                   0              0                0              0                0              0            0%         0%
           8         8.1                   0              0                0              0                0              0            0%         0%
         8.1         8.2                   0              0                0              0                0              0            0%         0%
         8.2         8.3                   0              0                0              0                0              0            0%         0%
         8.3         8.4                   0              0                0              0                0              0            0%         0%
         8.4         8.5                   0              0                0              0                0              0            0%         0%
         8.5         8.6                   0              0                0              0                0              0            0%         0%
         8.6         8.7                   0              0                0              0                0              0            0%         0%
         8.7         8.8                   0              0                0              0                0              0            0%         0%
         8.8         8.9                   0              0                0              0                0              0            0%         0%
         8.9           9                   0              0                0              0                0              0            0%         0%
           9         9.1                   0              0                0              0                0              0            0%         0%
         9.1         9.2                   0              0                0              0                0              0            0%         0%
         9.2         9.3                   0              0                0              0                0              0            0%         0%
         9.3         9.4                   0              0                0              0                0              0            0%         0%
         9.4         9.5                   0              0                0              0                0              0            0%         0%
         9.5         9.6                   0              0                0              0                0              0            0%         0%
         9.6         9.7                   0              0                0              0                0              0            0%         0%
         9.7         9.8                   0              0                0              0                0              0            0%         0%
         9.8         9.9                   0              0                0              0                0              0            0%         0%
         9.9          10                   0              0                0              0                0              0            0%         0%
