#  left-edge  right-edge       scale-central  central-error        scale-min      min-error        scale-max      max-error      rel-down     rel-up
           0          10          0.15204549    0.000102705       0.13447310    9.05520e-05       0.16828048    0.000114275       -11.56%     10.68%
          10          20          0.26254702    0.000143936       0.23257028    0.000126382       0.29020460    0.000160797       -11.42%     10.53%
          20          30          0.17897673    0.000111958       0.16129060    0.000100068       0.19492727    0.000123303        -9.88%      8.91%
          30          40          0.11042665    7.68890e-05       0.10193923    7.18304e-05       0.11772426    8.14182e-05        -7.69%      6.61%
          40          50         0.087887575    6.38821e-05      0.081693041    5.95820e-05      0.093124529    6.76668e-05        -7.05%      5.96%
          50          60         0.070305168    5.90698e-05      0.065551518    5.54938e-05      0.074296147    6.22101e-05        -6.76%      5.68%
          60          70         0.053849607    5.23105e-05      0.050310101    4.93757e-05      0.056809587    5.48966e-05        -6.57%      5.50%
          70          80         0.036731452    4.22125e-05      0.034391664    3.97385e-05      0.038679283    4.43817e-05        -6.37%      5.30%
          80          90         0.017421221    4.33399e-05      0.016410400    4.31514e-05      0.018252361    4.34442e-05        -5.80%      4.77%
          90         100        0.0030426400    1.22902e-05     0.0029559349    1.21075e-05     0.0031042041    1.24210e-05        -2.85%      2.02%
         100         110        0.0011305023    8.08016e-06     0.0011243541    8.14919e-06     0.0011305023    8.08016e-06        -0.54%   0.00000%
         110         120       0.00064876474    6.09147e-06    0.00064283307    5.97949e-06    0.00065171501    6.19719e-06        -0.91%      0.45%
         120         130       0.00040451680    7.18786e-06    0.00039798170    6.83304e-06    0.00040967412    7.57699e-06        -1.62%      1.27%
         130         140       0.00025948186    4.29397e-06    0.00025374921    4.15642e-06    0.00026464146    4.43682e-06        -2.21%      1.99%
         140         150       0.00017683025    4.39712e-06    0.00017194136    4.13863e-06    0.00018152494    4.69340e-06        -2.76%      2.65%
         150         160       0.00011440396    2.72635e-06    0.00011075229    2.61156e-06    0.00011801292    2.84985e-06        -3.19%      3.15%
         160         170       8.1044271e-05    2.21780e-06    7.8008392e-05    2.11835e-06    8.4146273e-05    2.32545e-06        -3.75%      3.83%
         170         180       6.0336207e-05    2.50694e-06    5.7694167e-05    2.38138e-06    6.3107232e-05    2.64087e-06        -4.38%      4.59%
         180         190       4.3125776e-05    1.76972e-06    4.1188040e-05    1.67034e-06    4.5193041e-05    1.88340e-06        -4.49%      4.79%
         190         200       3.0622328e-05    1.12140e-06    2.9175188e-05    1.06537e-06    3.2173661e-05    1.18404e-06        -4.73%      5.07%
         200         210       2.2192505e-05    1.00920e-06    2.0903157e-05    9.38414e-07    2.3623656e-05    1.09238e-06        -5.81%      6.45%
         210         220       1.9099938e-05    1.08554e-06    1.7969380e-05    1.01172e-06    2.0353881e-05    1.17043e-06        -5.92%      6.57%
         220         230       1.6418384e-05    1.00195e-06    1.5409853e-05    9.44193e-07    1.7537452e-05    1.06533e-06        -6.14%      6.82%
         230         240       1.1030522e-05    7.38397e-07    1.0303234e-05    6.85308e-07    1.1848045e-05    7.99090e-07        -6.59%      7.41%
         240         250       1.1030770e-05    8.67839e-07    1.0277647e-05    8.02147e-07    1.1880697e-05    9.43208e-07        -6.83%      7.71%
         250         260       3.3879688e-06    4.00873e-07    3.1346632e-06    3.68600e-07    3.6791584e-06    4.38586e-07        -7.48%      8.59%
         260         270       7.9419568e-06    1.02701e-06    7.3399804e-06    9.42943e-07    8.6319844e-06    1.12425e-06        -7.58%      8.69%
         270         280       5.0035393e-06    4.75841e-07    4.6399686e-06    4.44568e-07    5.4258006e-06    5.15312e-07        -7.27%      8.44%
         280         290       3.5125669e-06    3.64582e-07    3.2225602e-06    3.28940e-07    3.8541755e-06    4.09164e-07        -8.26%      9.73%
         290         300       3.3660842e-06    3.89912e-07    3.0778583e-06    3.55743e-07    3.7042250e-06    4.30243e-07        -8.56%     10.05%
         300         310       2.6634620e-06    5.24099e-07    2.4059466e-06    4.75359e-07    2.9701939e-06    5.81522e-07        -9.67%     11.52%
         310         320       2.0373987e-06    2.68060e-07    1.8521736e-06    2.42287e-07    2.2580473e-06    2.99296e-07        -9.09%     10.83%
         320         330       1.6977136e-06    2.76611e-07    1.5405602e-06    2.51377e-07    1.8846778e-06    3.06466e-07        -9.26%     11.01%
         330         340       1.1760035e-06    2.47438e-07    1.0573621e-06    2.23201e-07    1.3193308e-06    2.76364e-07       -10.09%     12.19%
         340         350       1.5812589e-06    5.15280e-07    1.4111567e-06    4.53869e-07    1.7878776e-06    5.90700e-07       -10.76%     13.07%
         350         360       1.1026921e-06    1.87381e-07    9.8846776e-07    1.67668e-07    1.2412989e-06    2.11354e-07       -10.36%     12.57%
         360         370       9.2834538e-07    1.60209e-07    8.3271505e-07    1.44897e-07    1.0439116e-06    1.78474e-07       -10.30%     12.45%
         370         380       1.8657392e-06    4.02504e-07    1.6824027e-06    3.65172e-07    2.0849983e-06    4.46601e-07        -9.83%     11.75%
         380         390       7.0867305e-07    2.46106e-07    6.1099350e-07    2.09808e-07    8.3339205e-07    2.93038e-07       -13.78%     17.60%
         390         400       1.1771778e-07    3.04040e-08    1.0310997e-07    2.68131e-08    1.3613887e-07    3.48874e-08       -12.41%     15.65%
         400         410       4.4622676e-07    1.34550e-07    3.8807995e-07    1.16506e-07    5.1959784e-07    1.57350e-07       -13.03%     16.44%
         410         420       2.3797658e-07    6.36283e-08    2.1014338e-07    5.62226e-08    2.7258574e-07    7.28208e-08       -11.70%     14.54%
         420         430       3.0498089e-07    6.81832e-08    2.6885542e-07    6.03646e-08    3.4979836e-07    7.78449e-08       -11.85%     14.70%
         430         440       2.5526783e-07    9.08261e-08    2.2304742e-07    8.06387e-08    2.9575957e-07    1.03326e-07       -12.62%     15.86%
         440         450       2.2677963e-07    5.43947e-08    1.9721825e-07    4.75139e-08    2.6406838e-07    6.30329e-08       -13.04%     16.44%
         450         460       1.2798449e-07    4.82374e-08    1.1199363e-07    4.25277e-08    1.4796890e-07    5.52688e-08       -12.49%     15.61%
         460         470       8.1514272e-08    2.39111e-08    7.0031577e-08    2.04386e-08    9.6322117e-08    2.84123e-08       -14.09%     18.17%
         470         480       1.1720857e-07    3.40206e-08    1.0008385e-07    2.90135e-08    1.3930823e-07    4.04982e-08       -14.61%     18.85%
         480         490       6.9463965e-08    2.76300e-08    6.2908212e-08    2.51404e-08    7.7375448e-08    3.06040e-08        -9.44%     11.39%
         490         500       2.7029793e-07    1.53774e-07    2.3544643e-07    1.33902e-07    3.1373972e-07    1.78502e-07       -12.89%     16.07%
         500         510       7.7562757e-08    2.83712e-08    6.7289287e-08    2.44522e-08    9.0531363e-08    3.33571e-08       -13.25%     16.72%
         510         520       4.9350587e-08    1.93797e-08    4.2288204e-08    1.66517e-08    5.8429385e-08    2.28644e-08       -14.31%     18.40%
         520         530       1.4727858e-07    6.34113e-08    1.2572117e-07    5.36426e-08    1.7516996e-07    7.61966e-08       -14.64%     18.94%
         530         540       5.1413625e-08    1.54042e-08    4.3901206e-08    1.32454e-08    6.1231450e-08    1.82484e-08       -14.61%     19.10%
         540         550       4.0406621e-08    2.37550e-08    3.5193416e-08    2.07838e-08    4.6976104e-08    2.74672e-08       -12.90%     16.26%
         550         560       2.2668202e-08    1.09135e-08    1.9183601e-08    9.29308e-09    2.7209991e-08    1.30009e-08       -15.37%     20.04%
         560         570       4.0505060e-08    1.31079e-08    3.4717121e-08    1.13099e-08    4.8007058e-08    1.54314e-08       -14.29%     18.52%
         570         580       1.6777758e-08    5.40627e-09    1.4753170e-08    4.86020e-09    1.9352328e-08    6.09558e-09       -12.07%     15.35%
         580         590       1.4085188e-08    4.65563e-09    1.2556244e-08    4.17338e-09    1.5971567e-08    5.25781e-09       -10.85%     13.39%
         590         600       1.1644348e-08    6.46422e-09    9.9873947e-09    5.56994e-09    1.3764095e-08    7.59909e-09       -14.23%     18.20%
         600         610       4.1206409e-08    1.24807e-08    3.5495346e-08    1.07819e-08    4.8513976e-08    1.46482e-08       -13.86%     17.73%
         610         620       1.0854047e-08    3.51025e-09    9.5511699e-09    3.13010e-09    1.2492744e-08    3.98434e-09       -12.00%     15.10%
         620         630       7.2485303e-09    2.12339e-09    6.2707981e-09    1.88415e-09    8.4978744e-09    2.42648e-09       -13.49%     17.24%
         630         640       1.7653208e-08    5.62997e-09    1.4962835e-08    4.79746e-09    2.1217203e-08    6.74361e-09       -15.24%     20.19%
         640         650       1.9778275e-08    8.55678e-09    1.7097353e-08    7.44631e-09    2.3197466e-08    9.95269e-09       -13.55%     17.29%
         650         660       1.0113686e-08    4.74147e-09    8.5709170e-09    4.06538e-09    1.2130447e-08    5.61289e-09       -15.25%     19.94%
         660         670       7.3120398e-09    2.50718e-09    6.2179398e-09    2.16542e-09    8.7479048e-09    2.94650e-09       -14.96%     19.64%
         670         680       1.5875057e-08    7.25384e-09    1.3720978e-08    6.25547e-09    1.8629320e-08    8.52869e-09       -13.57%     17.35%
         680         690       1.5253394e-08    6.22964e-09    1.3020832e-08    5.28348e-09    1.8158422e-08    7.48026e-09       -14.64%     19.05%
         690         700       6.8561184e-09    2.74216e-09    5.8589038e-09    2.33046e-09    8.1473220e-09    3.28075e-09       -14.54%     18.83%
         700         710       4.1484218e-10    1.65363e-10    3.4282284e-10    1.37370e-10    5.1322190e-10    2.03556e-10       -17.36%     23.71%
         710         720       2.1993813e-08    7.99274e-09    1.8489456e-08    6.61114e-09    2.6662517e-08    9.86626e-09       -15.93%     21.23%
         720         730       2.3851360e-09    9.42907e-10    2.0905561e-09    8.33717e-10    2.7480516e-09    1.08150e-09       -12.35%     15.22%
         730         740       1.1516196e-08    5.11126e-09    9.7128103e-09    4.35455e-09    1.3884365e-08    6.08942e-09       -15.66%     20.56%
         740         750       4.6411326e-09    1.87618e-09    3.8367585e-09    1.56197e-09    5.7243640e-09    2.29521e-09       -17.33%     23.34%
         750         760       4.2838627e-10    1.79943e-10    3.7031265e-10    1.53951e-10    5.0136589e-10    2.13552e-10       -13.56%     17.04%
         760         770       1.3057478e-09    5.09885e-10    1.1284441e-09    4.42277e-10    1.5265421e-09    5.93107e-10       -13.58%     16.91%
         770         780       2.5939500e-09    1.65543e-09    2.1297032e-09    1.35545e-09    3.2238774e-09    2.06294e-09       -17.90%     24.28%
         780         790       4.1493622e-09    2.76740e-09    3.4545175e-09    2.30332e-09    5.0793397e-09    3.38829e-09       -16.75%     22.41%
         790         800       1.3175643e-09    5.43816e-10    1.1516450e-09    4.80017e-10    1.5173471e-09    6.19801e-10       -12.59%     15.16%
         800         810       2.5773576e-10    7.68185e-11    2.0914515e-10    6.24079e-11    3.2514449e-10    9.69000e-11       -18.85%     26.15%
         810         820       1.5159359e-09    5.60153e-10    1.2647390e-09    4.70658e-10    1.8547105e-09    6.79754e-10       -16.57%     22.35%
         820         830       2.0151851e-09    1.17436e-09    1.6276201e-09    9.49524e-10    2.5492385e-09    1.48361e-09       -19.23%     26.50%
         830         840       4.5243731e-10    1.73316e-10    3.7704899e-10    1.43821e-10    5.5329506e-10    2.13354e-10       -16.66%     22.29%
         840         850       3.9553668e-10    2.22431e-10    3.1954768e-10    1.77524e-10    4.9978461e-10    2.85405e-10       -19.21%     26.36%
         850         860       1.2490448e-09    8.64944e-10    1.0513340e-09    7.28889e-10    1.5088242e-09    1.04334e-09       -15.83%     20.80%
         860         870       2.7185501e-10    1.00472e-10    2.2847414e-10    8.44287e-11    3.2993358e-10    1.21911e-10       -15.96%     21.36%
         870         880       4.7312188e-10    2.39651e-10    3.8901956e-10    1.96181e-10    5.8554095e-10    2.97538e-10       -17.78%     23.76%
         880         890       2.2569904e-10    9.51175e-11    1.7633730e-10    7.41251e-11    2.9692718e-10    1.25494e-10       -21.87%     31.56%
         890         900       4.3014309e-11    2.02333e-11    3.5843239e-11    1.69769e-11    5.2383106e-11    2.44303e-11       -16.67%     21.78%
         900         910       4.7297331e-10    2.33552e-10    4.2077754e-10    2.08479e-10    5.3765549e-10    2.64700e-10       -11.04%     13.68%
         910         920       7.0321469e-11    2.93064e-11    5.7025975e-11    2.41402e-11    8.8730267e-11    3.64570e-11       -18.91%     26.18%
         920         930       3.9276131e-11    1.25241e-11    3.0568279e-11    9.68983e-12    5.1919731e-11    1.67564e-11       -22.17%     32.19%
         930         940       3.6760216e-10    1.63911e-10    2.9955780e-10    1.34012e-10    4.6084027e-10    2.04712e-10       -18.51%     25.36%
         940         950       1.3350142e-11    4.88401e-12    1.0581874e-11    3.98887e-12    1.7332011e-11    6.13620e-12       -20.74%     29.83%
         950         960       1.4575899e-10    6.80103e-11    1.1480717e-10    5.34637e-11    1.8985779e-10    8.88194e-11       -21.23%     30.25%
         960         970       1.5253148e-11    9.91625e-12    1.2249246e-11    7.97056e-12    1.9515038e-11    1.26762e-11       -19.69%     27.94%
         970         980       1.5164217e-10    9.21834e-11    1.2336478e-10    7.44120e-11    1.9059331e-10    1.16850e-10       -18.65%     25.69%
         980         990       3.1565921e-10    1.12980e-10    2.5999222e-10    9.42438e-11    3.9121637e-10    1.38802e-10       -17.64%     23.94%
         990        1000       2.3038577e-10    1.37566e-10    1.9711059e-10    1.18061e-10    2.7342665e-10    1.62727e-10       -14.44%     18.68%
