#  left-edge  right-edge       scale-central  central-error        scale-min      min-error        scale-max      max-error      rel-down     rel-up
           0           5           13.529650     0.00642557        10.827877     0.00515559        16.312831     0.00774471       -19.97%     20.57%
           5          10           8.6193226     0.00509972        7.1623054     0.00425635        10.060893     0.00594274       -16.90%     16.72%
          10          15           5.0769171     0.00419401        4.3921186     0.00364063        5.7207337     0.00472153       -13.49%     12.68%
          15          20           5.8664962     0.00470711        5.1376552     0.00412066        6.5387159     0.00525906       -12.42%     11.46%
          20          25           6.3823325     0.00482348        5.6076791     0.00423101        7.0933650     0.00537960       -12.14%     11.14%
          25          30           5.6063005     0.00431224        4.9415866     0.00379339        6.2142396     0.00479817       -11.86%     10.84%
          30          35           4.7384020     0.00366952        4.2001829     0.00325198        5.2276629     0.00405842       -11.36%     10.33%
          35          40           3.8682319     0.00307860        3.4592644     0.00276937        4.2360947     0.00336251       -10.57%      9.51%
          40          45           2.6997218     0.00281385        2.4471916     0.00256740        2.9224231     0.00303525        -9.35%      8.25%
          45          50           1.1854698     0.00218827        1.0971850     0.00202665        1.2602183     0.00233007        -7.45%      6.31%
          50          55          0.77793196     0.00179209       0.72705292     0.00167502       0.81989910     0.00189270        -6.54%      5.39%
          55          60          0.59207664     0.00153280       0.55523353     0.00143793       0.62215966     0.00161359        -6.22%      5.08%
          60          65          0.45130148     0.00130469       0.42478422     0.00122872       0.47271175     0.00136850        -5.88%      4.74%
          65          70          0.34754141     0.00112270       0.32825000     0.00106104       0.36294205     0.00117385        -5.55%      4.43%
          70          75          0.26770192    0.000964204       0.25365276    0.000914479       0.27879571     0.00100510        -5.25%      4.14%
          75          80          0.21185607    0.000841727       0.20137902    0.000800830       0.22002835    0.000874995        -4.95%      3.86%
          80          85          0.16740937    0.000740746       0.15962005    0.000707811       0.17340823    0.000767379        -4.65%      3.58%
          85          90          0.13308165    0.000648073       0.12722149    0.000620347       0.13753796    0.000670167        -4.40%      3.35%
          90          95          0.10654287    0.000563816       0.10215674    0.000541436       0.10982649    0.000581474        -4.12%      3.08%
          95         100         0.087531702    0.000512574      0.084222557    0.000494762      0.089957144    0.000526286        -3.78%      2.77%
         100         105         0.071438712    0.000454300      0.068889125    0.000438548      0.073279063    0.000466353        -3.57%      2.58%
         105         110         0.058135290    0.000402303      0.056240929    0.000389524      0.059467435    0.000411854        -3.26%      2.29%
         110         115         0.049039822    0.000366800      0.047560837    0.000356171      0.050054297    0.000374510        -3.02%      2.07%
         115         120         0.041678879    0.000339681      0.040535301    0.000330990      0.042439373    0.000345826        -2.74%      1.82%
         120         125         0.034758439    0.000301016      0.033879112    0.000293365      0.035324840    0.000306341        -2.53%      1.63%
         125         130         0.029200896    0.000277185      0.028542911    0.000271527      0.029604343    0.000280880        -2.25%      1.38%
         130         135         0.024970105    0.000254560      0.024456201    0.000249697      0.025271282    0.000257699        -2.06%      1.21%
         135         140         0.021646176    0.000233425      0.021273105    0.000229743      0.021842685    0.000235526        -1.72%      0.91%
         140         145         0.018698689    0.000218563      0.018421378    0.000215870      0.018828297    0.000219863        -1.48%      0.69%
         145         150         0.015923177    0.000203317      0.015702263    0.000200962      0.016020577    0.000204464        -1.39%      0.61%
         150         155         0.014406739    0.000187671      0.014246032    0.000185917      0.014460363    0.000188325        -1.12%      0.37%
         155         160         0.012374014    0.000182205      0.012263553    0.000181660      0.012395794    0.000181823        -0.89%      0.18%
         160         165         0.011006305    0.000164508      0.010930369    0.000163598      0.011006305    0.000164508        -0.69%   0.00000%
         165         170        0.0095841659    0.000152636     0.0095359789    0.000152011     0.0095841659    0.000152636        -0.50%   0.00000%
         170         175        0.0084126694    0.000139209     0.0083791962    0.000138911     0.0084126694    0.000139209        -0.40%   0.00000%
         175         180        0.0074043023    0.000132393     0.0073724773    0.000131938     0.0074043023    0.000132393        -0.43%   0.00000%
         180         185        0.0067605013    0.000127469     0.0067204114    0.000126885     0.0067605013    0.000127469        -0.59%   0.00000%
         185         190        0.0058508438    0.000115733     0.0058113491    0.000115225     0.0058558730    0.000115650        -0.68%      0.09%
         190         195        0.0052549332    0.000108041     0.0052064335    0.000107212     0.0052747724    0.000108379        -0.92%      0.38%
         195         200        0.0046970207    0.000104304     0.0046411315    0.000103133     0.0047294670    0.000105049        -1.19%      0.69%
         200         205        0.0043531162    0.000107013     0.0042990170    0.000105550     0.0043857315    0.000108089        -1.24%      0.75%
         205         210        0.0038228707    9.87191e-05     0.0037674204    9.69413e-05     0.0038612471    0.000100379        -1.45%      1.00%
         210         215        0.0034972220    9.00246e-05     0.0034395661    8.86190e-05     0.0035401520    9.11221e-05        -1.65%      1.23%
         215         220        0.0030093139    8.18623e-05     0.0029530440    8.00882e-05     0.0030543039    8.34874e-05        -1.87%      1.50%
         220         225        0.0029006061    8.35455e-05     0.0028498602    8.21739e-05     0.0029399732    8.46950e-05        -1.75%      1.36%
         225         230        0.0026070407    7.46003e-05     0.0025598969    7.34465e-05     0.0026441560    7.55223e-05        -1.81%      1.42%
         230         235        0.0022664231    6.92527e-05     0.0022181314    6.78890e-05     0.0023072047    7.04232e-05        -2.13%      1.80%
         235         240        0.0020477386    6.53834e-05     0.0020037090    6.42265e-05     0.0020850934    6.63455e-05        -2.15%      1.82%
         240         245        0.0019822269    7.00756e-05     0.0019334585    6.84784e-05     0.0020259187    7.15207e-05        -2.46%      2.20%
         245         250        0.0017294629    6.60190e-05     0.0016860449    6.41851e-05     0.0017687168    6.78419e-05        -2.51%      2.27%
         250         255        0.0016756865    6.14482e-05     0.0016312914    5.97442e-05     0.0017164191    6.31238e-05        -2.65%      2.43%
         255         260        0.0016031849    5.85739e-05     0.0015587630    5.69437e-05     0.0016445879    6.01882e-05        -2.77%      2.58%
         260         265        0.0013664857    5.36687e-05     0.0013295864    5.23118e-05     0.0014007914    5.50556e-05        -2.70%      2.51%
         265         270        0.0012381404    4.91534e-05     0.0012027419    4.79558e-05     0.0012714107    5.02589e-05        -2.86%      2.69%
         270         275        0.0011326897    4.93917e-05     0.0010982146    4.79539e-05     0.0011657110    5.07956e-05        -3.04%      2.92%
         275         280        0.0011182840    5.05166e-05     0.0010824397    4.87125e-05     0.0011532054    5.24233e-05        -3.21%      3.12%
         280         285       0.00091951031    4.64474e-05    0.00089056608    4.50517e-05    0.00094746262    4.78235e-05        -3.15%      3.04%
         285         290       0.00088446448    5.07540e-05    0.00085559235    4.93706e-05    0.00091262252    5.20697e-05        -3.26%      3.18%
         290         295       0.00081536669    4.07129e-05    0.00078823323    3.94869e-05    0.00084200108    4.19354e-05        -3.33%      3.27%
         295         300       0.00083560114    4.21152e-05    0.00080512604    4.06253e-05    0.00086609382    4.36157e-05        -3.65%      3.65%
         300         305       0.00077503674    3.98781e-05    0.00074621245    3.85746e-05    0.00080399386    4.11824e-05        -3.72%      3.74%
         305         310       0.00073575100    4.48716e-05    0.00070974801    4.34785e-05    0.00076156643    4.62241e-05        -3.53%      3.51%
         310         315       0.00056415523    3.16834e-05    0.00054200050    3.04976e-05    0.00058671439    3.28975e-05        -3.93%      4.00%
         315         320       0.00061596333    4.15137e-05    0.00059179291    3.99291e-05    0.00064059696    4.31320e-05        -3.92%      4.00%
         320         325       0.00050247527    3.27651e-05    0.00048136121    3.14252e-05    0.00052427756    3.41603e-05        -4.20%      4.34%
         325         330       0.00052011891    3.70431e-05    0.00049723373    3.55622e-05    0.00054398813    3.85729e-05        -4.40%      4.59%
         330         335       0.00047593795    3.64998e-05    0.00045317152    3.45519e-05    0.00050010726    3.86344e-05        -4.78%      5.08%
         335         340       0.00043840579    3.04439e-05    0.00041873958    2.91494e-05    0.00045899457    3.18120e-05        -4.49%      4.70%
         340         345       0.00042290033    2.84074e-05    0.00040499093    2.73726e-05    0.00044146542    2.94695e-05        -4.23%      4.39%
         345         350       0.00039110190    2.75394e-05    0.00037348576    2.63744e-05    0.00040952326    2.87595e-05        -4.50%      4.71%
         350         355       0.00042951766    3.42170e-05    0.00041025410    3.29087e-05    0.00044971206    3.55594e-05        -4.48%      4.70%
         355         360       0.00036598751    3.04384e-05    0.00034942682    2.92334e-05    0.00038337692    3.16808e-05        -4.52%      4.75%
         360         365       0.00039416886    3.17289e-05    0.00037332305    2.99751e-05    0.00041670998    3.36770e-05        -5.29%      5.72%
         365         370       0.00035464504    3.13143e-05    0.00033851846    3.01425e-05    0.00037157717    3.25092e-05        -4.55%      4.77%
         370         375       0.00025426396    2.11438e-05    0.00024146996    2.00439e-05    0.00026797322    2.23529e-05        -5.03%      5.39%
         375         380       0.00027653239    2.26497e-05    0.00026294500    2.16947e-05    0.00029106995    2.37086e-05        -4.91%      5.26%
         380         385       0.00025668053    2.33470e-05    0.00024268845    2.21479e-05    0.00027184523    2.46382e-05        -5.45%      5.91%
         385         390       0.00022257327    1.83892e-05    0.00021124614    1.74649e-05    0.00023477572    1.94214e-05        -5.09%      5.48%
         390         395       0.00024743087    2.69559e-05    0.00023493658    2.56849e-05    0.00026077132    2.82976e-05        -5.05%      5.39%
         395         400       0.00019895554    1.83874e-05    0.00018832915    1.74745e-05    0.00021042949    1.93662e-05        -5.34%      5.77%
         400         405       0.00019189571    1.88912e-05    0.00018169862    1.80015e-05    0.00020293187    1.98456e-05        -5.31%      5.75%
         405         410       0.00017145929    1.89714e-05    0.00016201748    1.78931e-05    0.00018171876    2.01567e-05        -5.51%      5.98%
         410         415       0.00015366613    1.64431e-05    0.00014422462    1.54741e-05    0.00016413178    1.75141e-05        -6.14%      6.81%
         415         420       0.00019151721    2.26826e-05    0.00018117560    2.17116e-05    0.00020275265    2.37001e-05        -5.40%      5.87%
         420         425       0.00014623528    1.62283e-05    0.00013792134    1.54049e-05    0.00015530146    1.71083e-05        -5.69%      6.20%
         425         430       0.00014081805    1.67057e-05    0.00013230795    1.57600e-05    0.00015025135    1.77518e-05        -6.04%      6.70%
         430         435       0.00015711034    1.91899e-05    0.00014748071    1.79854e-05    0.00016780502    2.05402e-05        -6.13%      6.81%
         435         440       0.00013509475    1.66612e-05    0.00012725451    1.57789e-05    0.00014371956    1.76340e-05        -5.80%      6.38%
         440         445       0.00012223642    1.82780e-05    0.00011446441    1.71690e-05    0.00013089509    1.95090e-05        -6.36%      7.08%
         445         450       0.00011768969    1.56429e-05    0.00011033424    1.47282e-05    0.00012588429    1.66583e-05        -6.25%      6.96%
         450         455       0.00012750829    3.08546e-05    0.00011939934    2.89575e-05    0.00013655684    3.29645e-05        -6.36%      7.10%
         455         460       0.00011776676    1.46718e-05    0.00011007379    1.37052e-05    0.00012640473    1.57702e-05        -6.53%      7.33%
         460         465       8.8633299e-05    1.21390e-05    8.2528861e-05    1.12757e-05    9.5552533e-05    1.31274e-05        -6.89%      7.81%
         465         470       9.2313823e-05    1.23684e-05    8.6147726e-05    1.15643e-05    9.9263130e-05    1.32728e-05        -6.68%      7.53%
         470         475       7.8341895e-05    1.30924e-05    7.3545012e-05    1.24540e-05    8.3661979e-05    1.37743e-05        -6.12%      6.79%
         475         480       7.1668189e-05    1.15376e-05    6.6966820e-05    1.08438e-05    7.6936912e-05    1.23088e-05        -6.56%      7.35%
         480         485       6.7829189e-05    1.06137e-05    6.3322042e-05    9.95448e-06    7.2906070e-05    1.13523e-05        -6.64%      7.48%
         485         490       9.3012263e-05    1.43999e-05    8.7037755e-05    1.36005e-05    9.9688193e-05    1.52846e-05        -6.42%      7.18%
         490         495       6.9837470e-05    1.23981e-05    6.5237252e-05    1.16772e-05    7.5003285e-05    1.31960e-05        -6.59%      7.40%
         495         500       4.5589846e-05    7.76073e-06    4.2287136e-05    7.21196e-06    4.9357806e-05    8.38518e-06        -7.24%      8.26%
         500         505       8.2796166e-05    1.61878e-05    7.7009626e-05    1.51296e-05    8.9359250e-05    1.73795e-05        -6.99%      7.93%
         505         510       6.3062503e-05    1.05351e-05    5.8214808e-05    9.76106e-06    6.8632878e-05    1.14192e-05        -7.69%      8.83%
         510         515       6.6384587e-05    1.23849e-05    6.1896084e-05    1.16348e-05    7.1444574e-05    1.32186e-05        -6.76%      7.62%
         515         520       6.9344642e-05    2.45811e-05    6.4458099e-05    2.28385e-05    7.4874851e-05    2.65447e-05        -7.05%      7.97%
         520         525       5.4318559e-05    7.64469e-06    5.0227378e-05    7.10592e-06    5.9020822e-05    8.26002e-06        -7.53%      8.66%
         525         530       5.5549940e-05    1.33914e-05    5.1854274e-05    1.25943e-05    5.9680303e-05    1.42664e-05        -6.65%      7.44%
         530         535       3.7741508e-05    8.53913e-06    3.5208825e-05    7.92405e-06    4.0621602e-05    9.24315e-06        -6.71%      7.63%
         535         540       4.7992101e-05    9.18336e-06    4.4546865e-05    8.57543e-06    5.1931499e-05    9.86959e-06        -7.18%      8.21%
         540         545       3.1453390e-05    6.24591e-06    2.9011793e-05    5.76103e-06    3.4267641e-05    6.80481e-06        -7.76%      8.95%
         545         550       3.8558794e-05    7.23787e-06    3.5585709e-05    6.65105e-06    4.1983954e-05    7.92129e-06        -7.71%      8.88%
         550         555       1.8699005e-05    3.38017e-06    1.7145383e-05    3.09087e-06    2.0514562e-05    3.72257e-06        -8.31%      9.71%
         555         560       4.0637546e-05    8.07284e-06    3.7662745e-05    7.53250e-06    4.4047538e-05    8.68420e-06        -7.32%      8.39%
         560         565       6.8301366e-05    2.27081e-05    6.3680349e-05    2.14185e-05    7.3504500e-05    2.41044e-05        -6.77%      7.62%
         565         570       3.7382682e-05    7.50487e-06    3.4460991e-05    6.98667e-06    4.0758772e-05    8.09211e-06        -7.82%      9.03%
         570         575       2.5817642e-05    6.79983e-06    2.3771722e-05    6.26135e-06    2.8191877e-05    7.42632e-06        -7.92%      9.20%
         575         580       2.4716037e-05    5.68395e-06    2.2798733e-05    5.22879e-06    2.6937511e-05    6.22333e-06        -7.76%      8.99%
         580         585       3.3483543e-05    7.39546e-06    3.0936267e-05    6.88213e-06    3.6411063e-05    7.97411e-06        -7.61%      8.74%
         585         590       2.7822813e-05    6.37050e-06    2.5554739e-05    5.87213e-06    3.0453143e-05    6.94592e-06        -8.15%      9.45%
         590         595       4.0119747e-05    1.38551e-05    3.7125807e-05    1.29544e-05    4.3544781e-05    1.48587e-05        -7.46%      8.54%
         595         600       2.0683189e-05    4.90899e-06    1.9020478e-05    4.50457e-06    2.2619927e-05    5.38816e-06        -8.04%      9.36%
         600         605       2.2343153e-05    4.66694e-06    2.0322963e-05    4.22360e-06    2.4732864e-05    5.19735e-06        -9.04%     10.70%
         605         610       2.3632082e-05    5.87498e-06    2.1751168e-05    5.44843e-06    2.5812828e-05    6.36182e-06        -7.96%      9.23%
         610         615       2.7880416e-05    6.78654e-06    2.5422664e-05    6.19070e-06    3.0771834e-05    7.48291e-06        -8.82%     10.37%
         615         620       1.6997274e-05    4.35313e-06    1.5527195e-05    4.05864e-06    1.8734044e-05    4.69330e-06        -8.65%     10.22%
         620         625       2.7900120e-05    8.68705e-06    2.5567520e-05    7.99573e-06    3.0622651e-05    9.48604e-06        -8.36%      9.76%
         625         630       1.2177619e-05    3.54286e-06    1.1253070e-05    3.29158e-06    1.3244026e-05    3.83002e-06        -7.59%      8.76%
         630         635       1.7613616e-05    4.73860e-06    1.6106764e-05    4.35250e-06    1.9379095e-05    5.19023e-06        -8.56%     10.02%
         635         640       1.5523035e-05    4.01160e-06    1.4163814e-05    3.70759e-06    1.7131886e-05    4.36539e-06        -8.76%     10.36%
         640         645       8.6219318e-06    2.43409e-06    7.7867086e-06    2.17089e-06    9.6304515e-06    2.76532e-06        -9.69%     11.70%
         645         650       2.2951850e-05    1.16903e-05    2.1116468e-05    1.08439e-05    2.5082807e-05    1.26541e-05        -8.00%      9.28%
         650         655       1.9162020e-05    5.69640e-06    1.7458832e-05    5.25052e-06    2.1173362e-05    6.21040e-06        -8.89%     10.50%
         655         660       8.1750666e-06    2.16559e-06    7.4274800e-06    1.98522e-06    9.0635042e-06    2.37804e-06        -9.14%     10.87%
         660         665       1.0317426e-05    2.22369e-06    9.3691494e-06    2.03159e-06    1.1441402e-05    2.44948e-06        -9.19%     10.89%
         665         670       1.5870671e-05    4.27300e-06    1.4390481e-05    3.86388e-06    1.7627849e-05    4.76065e-06        -9.33%     11.07%
         670         675       2.4973766e-05    1.18242e-05    2.2649580e-05    1.07789e-05    2.7728090e-05    1.30447e-05        -9.31%     11.03%
         675         680       1.1945174e-05    3.08938e-06    1.0782689e-05    2.79675e-06    1.3331860e-05    3.43731e-06        -9.73%     11.61%
         680         685       1.9942012e-05    8.68413e-06    1.7706382e-05    7.60138e-06    2.2676027e-05    1.00290e-05       -11.21%     13.71%
         685         690       1.4535270e-05    3.89295e-06    1.3163502e-05    3.55669e-06    1.6172973e-05    4.29000e-06        -9.44%     11.27%
         690         695       3.0704620e-06    8.72970e-07    2.7608507e-06    7.91226e-07    3.4440398e-06    9.70952e-07       -10.08%     12.17%
         695         700       9.4476383e-06    2.83368e-06    8.6190053e-06    2.53615e-06    1.0412217e-05    3.20311e-06        -8.77%     10.21%
         700         705       1.4589577e-05    6.09015e-06    1.3246575e-05    5.60697e-06    1.6175831e-05    6.64478e-06        -9.21%     10.87%
         705         710       4.9589526e-06    1.49161e-06    4.4753961e-06    1.35854e-06    5.5407645e-06    1.64898e-06        -9.75%     11.73%
         710         715       1.0506255e-05    3.01853e-06    9.5261033e-06    2.76092e-06    1.1674598e-05    3.32193e-06        -9.33%     11.12%
         715         720       7.5036801e-06    2.64504e-06    6.6963610e-06    2.35947e-06    8.4854667e-06    2.99203e-06       -10.76%     13.08%
         720         725       7.5546824e-06    1.74163e-06    6.7581524e-06    1.57260e-06    8.5230827e-06    1.94516e-06       -10.54%     12.82%
         725         730       7.4933126e-06    2.72588e-06    6.6787535e-06    2.42681e-06    8.4844341e-06    3.09373e-06       -10.87%     13.23%
         730         735       1.5257987e-05    4.61232e-06    1.3778860e-05    4.16157e-06    1.7024047e-05    5.15234e-06        -9.69%     11.57%
         735         740       8.0738289e-06    2.70871e-06    7.2891591e-06    2.47449e-06    9.0203885e-06    2.98938e-06        -9.72%     11.72%
         740         745       8.3610696e-06    2.69351e-06    7.4864382e-06    2.44000e-06    9.4180418e-06    2.99640e-06       -10.46%     12.64%
         745         750       1.0099098e-05    4.40202e-06    9.2846381e-06    4.08204e-06    1.1047951e-05    4.76715e-06        -8.06%      9.40%
         750         755       1.2616037e-05    9.42650e-06    1.1627157e-05    8.75790e-06    1.3761442e-05    1.01832e-05        -7.84%      9.08%
         755         760       4.4591578e-06    1.92632e-06    3.9848651e-06    1.72655e-06    5.0355580e-06    2.16818e-06       -10.64%     12.93%
         760         765       9.4623890e-06    4.94491e-06    8.5516335e-06    4.52528e-06    1.0552837e-05    5.43622e-06        -9.63%     11.52%
         765         770       2.9429008e-06    9.05847e-07    2.6003185e-06    8.00651e-07    3.3678594e-06    1.03752e-06       -11.64%     14.44%
         770         775       1.2285928e-06    5.60832e-07    1.0925425e-06    5.03377e-07    1.3952754e-06    6.30101e-07       -11.07%     13.57%
         775         780       5.1311883e-06    1.46218e-06    4.5106500e-06    1.28169e-06    5.9033214e-06    1.68809e-06       -12.09%     15.05%
         780         785       9.1953082e-06    3.40690e-06    8.2787784e-06    3.09404e-06    1.0300886e-05    3.77919e-06        -9.97%     12.02%
         785         790       3.7414075e-06    1.24686e-06    3.3257333e-06    1.10855e-06    4.2497893e-06    1.41615e-06       -11.11%     13.59%
         790         795       7.2746672e-06    3.31719e-06    6.5479248e-06    3.00250e-06    8.1471658e-06    3.69021e-06        -9.99%     11.99%
         795         800       3.6906192e-06    1.26586e-06    3.2656967e-06    1.12717e-06    4.2162938e-06    1.43584e-06       -11.51%     14.24%
         800         805       1.3962922e-06    4.38910e-07    1.2519062e-06    3.99017e-07    1.5724167e-06    4.86901e-07       -10.34%     12.61%
         805         810       2.0359646e-05    1.72799e-05    1.8905122e-05    1.61098e-05    2.2015860e-05    1.85992e-05        -7.14%      8.13%
         810         815       2.5102965e-06    7.97102e-07    2.1908976e-06    7.04127e-07    2.9071901e-06    9.12866e-07       -12.72%     15.81%
         815         820       8.3771914e-06    6.60681e-06    7.5698025e-06    5.99569e-06    9.3413871e-06    7.32932e-06        -9.64%     11.51%
         820         825       1.4111892e-06    4.02666e-07    1.2569396e-06    3.58175e-07    1.6022775e-06    4.58364e-07       -10.93%     13.54%
         825         830       1.2116807e-06    4.55322e-07    1.0567754e-06    3.99484e-07    1.4077303e-06    5.25811e-07       -12.78%     16.18%
         830         835       3.2937013e-06    1.04762e-06    2.8945443e-06    9.16332e-07    3.7925271e-06    1.21288e-06       -12.12%     15.14%
         835         840       2.5722565e-06    9.85016e-07    2.2976467e-06    8.96947e-07    2.9061540e-06    1.08898e-06       -10.68%     12.98%
         840         845       2.6612815e-06    1.27277e-06    2.3876257e-06    1.17293e-06    2.9954034e-06    1.38971e-06       -10.28%     12.55%
         845         850       2.3002690e-06    1.12628e-06    2.0226223e-06    9.88703e-07    2.6467579e-06    1.29799e-06       -12.07%     15.06%
         850         855       3.5889405e-06    1.30897e-06    3.1584519e-06    1.16859e-06    4.1252204e-06    1.48219e-06       -11.99%     14.94%
         855         860       3.7466035e-06    1.47352e-06    3.2989097e-06    1.29617e-06    4.3007538e-06    1.69379e-06       -11.95%     14.79%
         860         865       1.5015165e-06    6.91786e-07    1.3239160e-06    6.09110e-07    1.7232302e-06    7.95990e-07       -11.83%     14.77%
         865         870       1.9011031e-06    6.44318e-07    1.6766188e-06    5.73660e-07    2.1800305e-06    7.31447e-07       -11.81%     14.67%
         870         875       6.6211312e-06    4.75582e-06    5.9621412e-06    4.27693e-06    7.4130253e-06    5.33045e-06        -9.95%     11.96%
         875         880       4.1520907e-06    1.77006e-06    3.7018392e-06    1.60069e-06    4.7035992e-06    1.97433e-06       -10.84%     13.28%
         880         885       2.0245822e-06    1.19111e-06    1.8058177e-06    1.06940e-06    2.2919019e-06    1.33805e-06       -10.81%     13.20%
         885         890       6.6169006e-07    3.38414e-07    5.7711284e-07    2.96670e-07    7.6854605e-07    3.91111e-07       -12.78%     16.15%
         890         895       3.6627907e-06    1.40299e-06    3.2658135e-06    1.25586e-06    4.1464630e-06    1.58247e-06       -10.84%     13.21%
         895         900       1.6274042e-05    1.06492e-05    1.4784667e-05    9.77116e-06    1.8039339e-05    1.16712e-05        -9.15%     10.85%
         900         905       2.3937502e-06    9.13699e-07    2.1401343e-06    8.24746e-07    2.7024819e-06    1.02018e-06       -10.59%     12.90%
         905         910       2.9341666e-06    1.32812e-06    2.6191532e-06    1.19684e-06    3.3176478e-06    1.48574e-06       -10.74%     13.07%
         910         915       3.4155513e-06    1.99552e-06    3.0395232e-06    1.78274e-06    3.8750957e-06    2.25301e-06       -11.01%     13.45%
         915         920       2.8208670e-06    2.22564e-06    2.5106769e-06    1.98936e-06    3.1996711e-06    2.51159e-06       -11.00%     13.43%
         920         925       3.0203900e-06    1.49639e-06    2.6597460e-06    1.31447e-06    3.4663151e-06    1.72108e-06       -11.94%     14.76%
         925         930       1.0556551e-06    4.50182e-07    9.3827764e-07    4.07069e-07    1.1995311e-06    5.01757e-07       -11.12%     13.63%
         930         935       1.0645036e-06    5.50740e-07    9.3069861e-07    4.86159e-07    1.2325447e-06    6.30676e-07       -12.57%     15.79%
         935         940       2.4341633e-07    8.60880e-08    2.0972023e-07    7.45708e-08    2.8659301e-07    1.00721e-07       -13.84%     17.74%
         940         945       5.7493799e-07    5.19698e-07    5.0368602e-07    4.58764e-07    6.6268977e-07    5.94780e-07       -12.39%     15.26%
         945         950       4.6222021e-06    2.28153e-06    4.0714008e-06    2.00949e-06    5.3062955e-06    2.61992e-06       -11.92%     14.80%
         950         955       4.4664340e-06    2.78793e-06    3.9947709e-06    2.50186e-06    5.0382719e-06    3.13259e-06       -10.56%     12.80%
         955         960       1.2179509e-06    4.25728e-07    1.0617992e-06    3.74304e-07    1.4151610e-06    4.90084e-07       -12.82%     16.19%
         960         965       1.6975625e-06    9.51663e-07    1.4691226e-06    8.34405e-07    1.9851179e-06    1.09815e-06       -13.46%     16.94%
         965         970       4.2275093e-06    3.01422e-06    3.8207114e-06    2.73011e-06    4.7116409e-06    3.35005e-06        -9.62%     11.45%
         970         975       1.1942842e-06    9.74686e-07    1.0567291e-06    8.67982e-07    1.3633435e-06    1.10414e-06       -11.52%     14.16%
         975         980       6.0687003e-07    2.32771e-07    5.4093682e-07    2.10769e-07    6.8821077e-07    2.59759e-07       -10.86%     13.40%
         980         985       5.2726576e-07    3.71655e-07    4.6065080e-07    3.27346e-07    6.1076145e-07    4.26419e-07       -12.63%     15.84%
         985         990       3.1177788e-06    2.74805e-06    2.7939117e-06    2.47747e-06    3.5106962e-06    3.07226e-06       -10.39%     12.60%
         990         995       2.8621283e-06    2.17430e-06    2.5503804e-06    1.95805e-06    3.2430479e-06    2.43415e-06       -10.89%     13.31%
         995        1000       1.3414737e-06    7.37030e-07    1.2134559e-06    6.68458e-07    1.4951337e-06    8.18557e-07        -9.54%     11.45%
