#  left-edge  right-edge       scale-central  central-error        scale-min      min-error        scale-max      max-error      rel-down     rel-up
           0         0.1          0.82622046      0.0689027       0.76361019      0.0682849       0.90318496      0.0692055        -7.58%      9.32%
         0.1         0.2           6.0939455      0.0725191        5.7354202      0.0667089        6.5319745      0.0796977        -5.88%      7.19%
         0.2         0.3           17.267644       0.469697        16.582987       0.428157        18.104126       0.520571        -3.96%      4.84%
         0.3         0.4           30.993974       0.706235        30.085285       0.644088        32.104167       0.782382        -2.93%      3.58%
         0.4         0.5           41.525878        1.06866        40.343415       0.973760        42.970555        1.18483        -2.85%      3.48%
         0.5         0.6           46.137304        1.11411        44.957190        1.00683        47.544099        1.23493        -2.56%      3.05%
         0.6         0.7           57.543686        4.84525        55.217178        4.35419        59.881180        5.38187        -4.04%      4.06%
         0.7         0.8           44.565045        4.86927        43.894260        4.37527        45.275700        5.40846        -1.51%      1.59%
         0.8         0.9           57.820021        1.74532        55.751790        1.56236        59.817948        1.93697        -3.58%      3.46%
         0.9           1           50.156243        1.96341        49.122000        1.75466        51.164755        2.17936        -2.06%      2.01%
           1         1.1           55.331149        2.92106        53.677051        2.65164        56.855772        3.24324        -2.99%      2.76%
         1.1         1.2           58.747124        3.04548        56.892605        2.75942        60.464131        3.38211        -3.16%      2.92%
         1.2         1.3           61.774515        2.06537        59.798325        1.82168        63.663852        2.29273        -3.20%      3.06%
         1.3         1.4           56.547428        2.00618        55.203706        1.76574        57.698909        2.22671        -2.38%      2.04%
         1.4         1.5           61.329924        2.21246        59.684096        1.95663        62.873461        2.45614        -2.68%      2.52%
         1.5         1.6           67.756338        2.02372        65.714971        1.78376        69.792152        2.24510        -3.01%      3.00%
         1.6         1.7           58.716655        2.36850        57.965214        2.06652        59.517714        2.62909        -1.28%      1.36%
         1.7         1.8           75.881565        2.85388        73.310635        2.46217        78.307232        3.16887        -3.39%      3.20%
         1.8         1.9           57.970029        2.51375        56.421801        2.87786        59.014908        2.40224        -2.67%      1.80%
         1.9           2           79.192729        2.82327        76.824267        2.39017        81.205373        3.13496        -2.99%      2.54%
           2         2.1           70.071154        2.94530        68.444967        3.41546        71.595794        2.76569        -2.32%      2.18%
         2.1         2.2           78.704074        2.75477        77.329838        3.13212        80.321998        2.65169        -1.75%      2.06%
         2.2         2.3           74.685488        3.45190        72.801475        3.90623        75.807233        3.33908        -2.52%      1.50%
         2.3         2.4           86.874014        3.56347        84.656260        4.06440        88.809460        3.41643        -2.55%      2.23%
         2.4         2.5           88.702601        3.11151        85.418826        3.63812        91.198387        2.89543        -3.70%      2.81%
         2.5         2.6           100.60865        3.07044        98.400973        3.53384        102.32068        2.91053        -2.19%      1.70%
         2.6         2.7           95.551619        4.96538        89.912700        5.95393        99.493149        4.33016        -5.90%      4.13%
         2.7         2.8           119.80717        5.57212        116.37332        6.28048        122.24436        5.40131        -2.87%      2.03%
         2.8         2.9           132.44557        5.28104        128.04774        5.91348        135.45231        5.14562        -3.32%      2.27%
         2.9           3           145.86646        4.45193        140.19044        5.02962        149.10168        4.30477        -3.89%      2.22%
           3         3.1           166.90664        5.00975        159.16595        5.68252        171.00650        4.82584        -4.64%      2.46%
         3.1         3.2           156.34321        4.86052        150.12191        5.50431        159.08284        4.42194        -3.98%      1.75%
         3.2         3.3           88.215442        3.75155        82.838811        4.19609        91.174567        3.29566        -6.09%      3.35%
         3.3         3.4           69.690154        2.85707        66.256856        3.19820        71.331538        2.50754        -4.93%      2.36%
         3.4         3.5           54.722974        3.85610        51.674015        4.31990        56.295626        3.37859        -5.57%      2.87%
         3.5         3.6           38.298785        3.65913        35.621283        4.07213        39.937814        3.22709        -6.99%      4.28%
         3.6         3.7           33.895913        2.69707        32.365239        3.02573        34.722665        2.45416        -4.52%      2.44%
         3.7         3.8           25.702791        2.85411        23.762016        3.23805        26.924055        2.47073        -7.55%      4.75%
         3.8         3.9           24.769347        2.57324        23.601403        2.90321        25.323719        2.24051        -4.72%      2.24%
         3.9           4           17.795951        1.86937        16.530454        2.10077        18.586368        1.63693        -7.11%      4.44%
           4         4.1           11.970794        2.07843        10.866822        2.33899        12.746563        1.81333        -9.22%      6.48%
         4.1         4.2           14.183459        2.40946        13.542592        2.68714        14.452816        2.11961        -4.52%      1.90%
         4.2         4.3           18.982449        4.14363        18.453869        3.72561        19.483917        4.60276        -2.78%      2.64%
         4.3         4.4           5.3755036        4.26409        4.6151006        4.66849        5.9903730        3.87731       -14.15%     11.44%
         4.4         4.5           7.8945706        1.64122        7.5121676        1.86478        8.1039166        1.49272        -4.84%      2.65%
         4.5         4.6           6.1031810        1.34102        5.6392478        1.51063        6.3995569        1.17368        -7.60%      4.86%
         4.6         4.7           4.0887325        1.34621        3.6458024        1.50513        4.3999596        1.18251       -10.83%      7.61%
         4.7         4.8           5.1409128        1.08874        4.8073059        1.19642        5.3595833        1.08485        -6.49%      4.25%
         4.8         4.9           3.3299917       0.984814        3.1143889        1.09362        3.5064618       0.895789        -6.47%      5.30%
         4.9           5           2.1454853       0.920379        1.8467531        1.02967        2.3801472       0.808238       -13.92%     10.94%
           5         5.1           4.5997118        1.09717        4.4959105       0.966220        4.6928016        1.21848        -2.26%      2.02%
         5.1         5.2          0.97001254       0.809221       0.72221804       0.898456        1.1728315       0.736222       -25.55%     20.91%
         5.2         5.3           2.5995949       0.605769        2.5371250       0.687884        2.6270330       0.580159        -2.40%      1.06%
         5.3         5.4           3.4640563       0.695694        3.3308456       0.609788        3.6154448       0.772464        -3.85%      4.37%
         5.4         5.5          0.38531384       0.535675       0.17164938       0.588647       0.57288807       0.479113       -55.45%     48.68%
         5.5         5.6           1.2536095       0.412364        1.2064997       0.457443        1.2921686       0.375521        -3.76%      3.08%
         5.6         5.7       -0.0058307793       0.400545      -0.17648139       0.443859       0.14372273       0.354862      2926.72%  -2564.90%
         5.7         5.8          -1.3210369        2.67620       -1.6017311        2.97285       -1.0912897        2.43340        21.25%    -17.39%
         5.8         5.9           3.0191606        2.70277        2.8371166        2.45754        3.2415734        3.00238        -6.03%      7.37%
         5.9           6           1.4239783       0.706100        1.3630416       0.631754        1.4779055       0.784274        -4.28%      3.79%
           6         6.1          0.50990160       0.782331       0.46468884       0.863122       0.54999090       0.696173        -8.87%      7.86%
         6.1         6.2          -1.0150909       0.503983       -1.2057007       0.560193      -0.82361719       0.444122        18.78%    -18.86%
         6.2         6.3           1.0175464       0.534539       0.95253425       0.471555        1.0827783       0.593209        -6.39%      6.41%
         6.3         6.4         -0.25094129       0.447432      -0.32798693       0.496958      -0.18787971       0.406903        30.70%    -25.13%
         6.4         6.5         -0.61817388       0.780425      -0.73027706       0.866902      -0.51149408       0.705754        18.13%    -17.26%
         6.5         6.6           1.1785807       0.491321        1.0875575       0.436118        1.2715153       0.545742        -7.72%      7.89%
         6.6         6.7          0.14155746       0.196479       0.11604675       0.179560       0.16904558       0.211510       -18.02%     19.42%
         6.7         6.8          -1.8739125        1.27644       -2.1092565        1.41793       -1.6532339        1.15300        12.56%    -11.78%
         6.8         6.9           1.9137674        1.26806        1.7435876        1.14730        2.1045230        1.40863        -8.89%      9.97%
         6.9           7          0.59692719       0.195620       0.54429455       0.170752       0.64550373       0.220425        -8.82%      8.14%
           7         7.1         -0.37821932       0.170617      -0.46071475       0.196284      -0.29780581       0.145927        21.81%    -21.26%
         7.1         7.2       -0.0089165331      0.0818647     -0.022495957      0.0907760     0.0021981768      0.0745848       152.29%   -124.65%
         7.2         7.3         -0.17229177       0.192330      -0.20458956       0.211829      -0.14067179       0.172161        18.75%    -18.35%
         7.3         7.4          0.22715327       0.112237       0.21450936       0.102089       0.24260100       0.124639        -5.57%      6.80%
         7.4         7.5         0.045735883      0.0553948      0.040684045      0.0614747      0.050117761      0.0552561       -11.05%      9.58%
         7.5         7.6         -0.15091166       0.130556      -0.17342954       0.144967      -0.13248085       0.118767        14.92%    -12.21%
         7.6         7.7        0.0089476046      0.0181904     0.0028558977      0.0202018      0.014251923      0.0160875       -68.08%     59.28%
         7.7         7.8        -0.079036408      0.0531274     -0.093133282      0.0589567     -0.067498167      0.0483613        17.84%    -14.60%
         7.8         7.9        -0.085412595      0.0401207     -0.097953864      0.0443912     -0.075147612      0.0366399        14.68%    -12.02%
         7.9           8         0.062587072      0.0268961      0.060369519      0.0259619      0.065135173      0.0280201        -3.54%      4.07%
           8         8.1       0.00060806616      0.0493785    -0.0029799151      0.0474826     0.0047385677      0.0509352      -590.06%    679.28%
         8.1         8.2        -0.040155293      0.0212011     -0.048043147      0.0234034     -0.032893065      0.0180839        19.64%    -18.09%
         8.2         8.3         0.078605090      0.0629233      0.072656921      0.0572719      0.085872280      0.0698347        -7.57%      9.25%
         8.3         8.4        -0.044775553      0.0429436     -0.052852417      0.0484095     -0.036663580      0.0373135        18.04%    -18.12%
         8.4         8.5         0.017514124     0.00666265      0.017023864     0.00739104      0.018013213     0.00643444        -2.80%      2.85%
         8.5         8.6         0.017972291      0.0130101      0.016660252      0.0148516      0.018797641      0.0123859        -7.30%      4.59%
         8.6         8.7        0.0058158069      0.0122625     0.0035669980      0.0135046     0.0078609328      0.0110689       -38.67%     35.16%
         8.7         8.8        -0.015578819      0.0119647     -0.018271567      0.0132761     -0.013374815      0.0108926        17.28%    -14.15%
         8.8         8.9        -0.014748655      0.0172494     -0.018368952      0.0192880     -0.011221039      0.0151329        24.55%    -23.92%
         8.9           9        0.0034626540     0.00213933     0.0033221019     0.00223563     0.0035841830     0.00228816        -4.06%      3.51%
           9         9.1        -0.011527695     0.00660758     -0.013556997     0.00704933    -0.0095001155     0.00612576        17.60%    -17.59%
         9.1         9.2       -0.0016212144     0.00273581    -0.0020769365     0.00301533    -0.0012482075     0.00250890        28.11%    -23.01%
         9.2         9.3        0.0016836999      0.0200263    0.00036088495      0.0205769     0.0029524446      0.0193888       -78.57%     75.35%
         9.3         9.4        -0.010955068     0.00784792     -0.012771886     0.00866483    -0.0090758164     0.00697861        16.58%    -17.15%
         9.4         9.5      -0.00021840130     0.00277988   -0.00047240923     0.00297563    2.8274420e-05     0.00254874       116.30%   -112.95%
         9.5         9.6       -0.0055847764      0.0189121    -0.0069692239      0.0202857    -0.0041428117      0.0173913        24.79%    -25.82%
         9.6         9.7        -0.018200552      0.0127981     -0.020505207      0.0141993     -0.016314200      0.0116526        12.66%    -10.36%
         9.7         9.8         0.013333628     0.00915103      0.012213617     0.00859277      0.014474155      0.0101405        -8.40%      8.55%
         9.8         9.9        0.0020926546    0.000638957     0.0018273306    0.000514828     0.0023642906    0.000773352       -12.68%     12.98%
         9.9          10        0.0052403183     0.00238898     0.0047606828     0.00215540     0.0056193372     0.00259725        -9.15%      7.23%
