#  left-edge  right-edge       scale-central  central-error        scale-min      min-error        scale-max      max-error      rel-down     rel-up
           0           5          0.82863465      0.0142003       0.73872923      0.0170319       0.88638740      0.0135833       -10.85%      6.97%
           5          10           2.4204065      0.0234771        2.2993395      0.0202742        2.5051634      0.0242575        -5.00%      3.50%
          10          15           1.9452991      0.0244660        1.8174124      0.0215485        2.0271772      0.0271590        -6.57%      4.21%
          15          20           1.8296161      0.0243401        1.7249665      0.0215619        1.8992332      0.0268777        -5.72%      3.81%
          20          25           2.1050522      0.0273601        1.9964301      0.0242356        2.1768666      0.0302133        -5.16%      3.41%
          25          30           2.4618448      0.0376725        2.3444348      0.0332999        2.5383887      0.0380076        -4.77%      3.11%
          30          35           2.9225099      0.0904377        2.7905895      0.0810141        3.0047294      0.0988900        -4.51%      2.81%
          35          40           3.0298355      0.0875764        2.9203826      0.0785554        3.1011884      0.0868115        -3.61%      2.36%
          40          45           2.6872513      0.0484588        2.6099653      0.0428884        2.7283264      0.0489391        -2.88%      1.53%
          45          50           1.9806728      0.0478288        1.8719263      0.0406285        2.0805068      0.0519529        -5.49%      5.04%
          50          55           1.2372677      0.0242449        1.1823082      0.0239655        1.3054422      0.0246248        -4.44%      5.51%
          55          60          0.89336426     0.00915619       0.85413098     0.00860011       0.94203117     0.00987150        -4.39%      5.45%
          60          65          0.66248520     0.00922139       0.63380606     0.00848650       0.69806024      0.0101475        -4.33%      5.37%
          65          70          0.53280326     0.00842960       0.50991058     0.00773824       0.56120048     0.00929870        -4.30%      5.33%
          70          75          0.40884743     0.00736382       0.39153283     0.00678352       0.43032531     0.00809582        -4.23%      5.25%
          75          80          0.33569287     0.00841241       0.32066780     0.00777244       0.35433072     0.00922206        -4.48%      5.55%
          80          85          0.25487337     0.00937912       0.24395630     0.00891900       0.26841544     0.00997864        -4.28%      5.31%
          85          90          0.22800858     0.00932268       0.21675526     0.00876248       0.24196776      0.0100438        -4.94%      6.12%
          90          95          0.16966015     0.00724922       0.16193376     0.00659893       0.17924435     0.00806006        -4.55%      5.65%
          95         100          0.14701801     0.00494259       0.14010345     0.00458450       0.15559518     0.00539740        -4.70%      5.83%
         100         105          0.11998211     0.00471247       0.11419245     0.00437315       0.12716390     0.00514363        -4.83%      5.99%
         105         110          0.10206194     0.00383085      0.097100420     0.00349253       0.10821646     0.00425332        -4.86%      6.03%
         110         115         0.084148748     0.00407271      0.080143827     0.00371087      0.089116652     0.00452429        -4.76%      5.90%
         115         120         0.081550488     0.00464534      0.077074483     0.00422178      0.087102746     0.00517266        -5.49%      6.81%
         120         125         0.056771284     0.00407677      0.054272401     0.00370883      0.059871023     0.00453529        -4.40%      5.46%
         125         130         0.056776746     0.00288671      0.053698195     0.00264372      0.060595533     0.00319146        -5.42%      6.73%
         130         135         0.043966869     0.00279094      0.041713749     0.00258790      0.046738050     0.00301937        -5.12%      6.30%
         135         140         0.048081484     0.00269498      0.045130750     0.00249210      0.051701141     0.00298511        -6.14%      7.53%
         140         145         0.031985347     0.00295485      0.030519083     0.00273896      0.033788412     0.00320135        -4.58%      5.64%
         145         150         0.033785460     0.00249267      0.031771375     0.00229079      0.036229186     0.00272227        -5.96%      7.23%
         150         155         0.028172494     0.00186327      0.026508530     0.00171743      0.030200438     0.00203468        -5.91%      7.20%
         155         160         0.025685105     0.00152304      0.024072053     0.00140893      0.027660771     0.00165799        -6.28%      7.69%
         160         165         0.021993136     0.00133838      0.020594262     0.00122310      0.023712006     0.00147538        -6.36%      7.82%
         165         170         0.016567783     0.00151467      0.015514418     0.00138617      0.017897326     0.00166541        -6.36%      8.02%
         170         175         0.016104841     0.00189637      0.015051300     0.00177090      0.017403457     0.00204497        -6.54%      8.06%
         175         180         0.018217893     0.00123015      0.016878247     0.00111076      0.019867810     0.00137334        -7.35%      9.06%
         180         185         0.013703385     0.00112067      0.012607805     0.00103962      0.015064581     0.00121797        -7.99%      9.93%
         185         190         0.011427577     0.00100664      0.010614032    0.000908411      0.012438109     0.00112942        -7.12%      8.84%
         190         195         0.011640723     0.00147623      0.010870751     0.00132218      0.012590887     0.00166442        -6.61%      8.16%
         195         200         0.011253914     0.00142717      0.010293940     0.00128498      0.012455175     0.00159854        -8.53%     10.67%
         200         205        0.0073109400    0.000898821     0.0068197450    0.000809729     0.0079284961     0.00100814        -6.72%      8.45%
         205         210        0.0076880172     0.00158836     0.0070193209     0.00145192     0.0085427877     0.00174561        -8.70%     11.12%
         210         215        0.0075732486     0.00151868     0.0069965064     0.00139596     0.0082888655     0.00165870        -7.62%      9.45%
         215         220        0.0063948309    0.000918130     0.0058694747    0.000844697     0.0070537169     0.00100531        -8.22%     10.30%
         220         225        0.0064705248    0.000830209     0.0059191218    0.000755499     0.0071644525    0.000918384        -8.52%     10.72%
         225         230        0.0062152385    0.000638681     0.0056966952    0.000570705     0.0068672425    0.000720798        -8.34%     10.49%
         230         235        0.0052408729    0.000621858     0.0048114799    0.000556684     0.0057811101    0.000700159        -8.19%     10.31%
         235         240        0.0045319887    0.000388459     0.0041428322    0.000345920     0.0050296031    0.000441044        -8.59%     10.98%
         240         245        0.0039681124    0.000858233     0.0036921100    0.000788880     0.0043193874    0.000942641        -6.96%      8.85%
         245         250        0.0039492181    0.000845668     0.0035824857    0.000777583     0.0044160674    0.000928521        -9.29%     11.82%
         250         255        0.0046881357    0.000367407     0.0042500430    0.000329611     0.0052349453    0.000414392        -9.34%     11.66%
         255         260        0.0044333268    0.000431254     0.0040678509    0.000401358     0.0048913070    0.000468490        -8.24%     10.33%
         260         265        0.0017779064    0.000509941     0.0016326746    0.000467197     0.0019726845    0.000563465        -8.17%     10.96%
         265         270        0.0034623061    0.000654360     0.0031120478    0.000583055     0.0039108610    0.000743368       -10.12%     12.96%
         270         275        0.0020014243    0.000678098     0.0018388410    0.000632895     0.0022142714    0.000733278        -8.12%     10.63%
         275         280        0.0027298469    0.000676475     0.0024204702    0.000623378     0.0031293817    0.000742992       -11.33%     14.64%
         280         285        0.0022792025    0.000344986     0.0020938511    0.000301470     0.0025139111    0.000399796        -8.13%     10.30%
         285         290        0.0014325102    0.000423120     0.0013465418    0.000367554     0.0015430160    0.000493384        -6.00%      7.71%
         290         295        0.0030250078    0.000562034     0.0027261613    0.000508361     0.0034003555    0.000627433        -9.88%     12.41%
         295         300        0.0021870777    0.000385793     0.0019606023    0.000338632     0.0024767607    0.000444835       -10.36%     13.25%
         300         305        0.0016948757    0.000330527     0.0015343158    0.000300117     0.0019033660    0.000368670        -9.47%     12.30%
         305         310        0.0015803069    0.000266003     0.0014215761    0.000233477     0.0017880286    0.000307150       -10.04%     13.14%
         310         315        0.0021854483    0.000389889     0.0019205498    0.000339790     0.0025247515    0.000452799       -12.12%     15.53%
         315         320       0.00086180130    0.000344858    0.00078603727    0.000299908    0.00096399957    0.000401370        -8.79%     11.86%
         320         325        0.0010551852    0.000355306    0.00095810810    0.000318789     0.0011851637    0.000399488        -9.20%     12.32%
         325         330        0.0018741031    0.000341557     0.0016910921    0.000304128     0.0021074424    0.000386979        -9.77%     12.45%
         330         335       0.00095142550    0.000295186    0.00086066976    0.000262568     0.0010679815    0.000338158        -9.54%     12.25%
         335         340        0.0011008945    0.000176688    0.00097676486    0.000154656     0.0012612164    0.000205731       -11.28%     14.56%
         340         345        0.0010336601    0.000164213    0.00092780497    0.000142992     0.0011728040    0.000191473       -10.24%     13.46%
         345         350       0.00049940561    0.000411113    0.00043091901    0.000371300    0.00059565562    0.000460298       -13.71%     19.27%
         350         355        0.0011400269    0.000344424    0.00099545476    0.000307103     0.0013272959    0.000390719       -12.68%     16.43%
         355         360       0.00064793654    0.000201220    0.00057351117    0.000179853    0.00074608041    0.000228208       -11.49%     15.15%
         360         365       0.00077097194    0.000124351    0.00068476094    0.000110229    0.00088656974    0.000143073       -11.18%     14.99%
         365         370       0.00073532153    0.000195884    0.00064980414    0.000172088    0.00084865923    0.000225524       -11.63%     15.41%
         370         375       0.00062339346    0.000457798    0.00052064172    0.000435434    0.00075923101    0.000484972       -16.48%     21.79%
         375         380       0.00038789249    0.000183480    0.00035965415    0.000158941    0.00042685591    0.000214817        -7.28%     10.04%
         380         385       0.00069983702    0.000148573    0.00061991175    0.000130237    0.00080438943    0.000171540       -11.42%     14.94%
         385         390       0.00047373105    0.000376712    0.00043549660    0.000312479    0.00052012537    0.000462786        -8.07%      9.79%
         390         395       0.00074594759    0.000366759    0.00065531358    0.000304930    0.00086677195    0.000449711       -12.15%     16.20%
         395         400       0.00074286838    0.000182875    0.00064934907    0.000156424    0.00086363417    0.000216862       -12.59%     16.26%
         400         405       0.00032584280    0.000216331    0.00030430367    0.000189091    0.00035554978    0.000251655        -6.61%      9.12%
         405         410       0.00044798755    0.000119870    0.00042138585    0.000108850    0.00048098563    0.000133579        -5.94%      7.37%
         410         415       0.00038757288    7.17881e-05    0.00035347406    6.37632e-05    0.00043260037    8.26876e-05        -8.80%     11.62%
         415         420       0.00049230187    0.000138356    0.00044068598    0.000119232    0.00055840169    0.000162549       -10.48%     13.43%
         420         425       0.00036135772    0.000169134    0.00031605859    0.000143474    0.00042240137    0.000202309       -12.54%     16.89%
         425         430       0.00036653123    0.000157271    0.00032963158    0.000133376    0.00041543754    0.000188358       -10.07%     13.34%
         430         435       0.00046146499    0.000215638    0.00040946695    0.000181966    0.00052883555    0.000259258       -11.27%     14.60%
         435         440       0.00026506470    0.000205653    0.00023542933    0.000172834    0.00030545688    0.000248672       -11.18%     15.24%
         440         445       0.00040767056    9.43691e-05    0.00035946239    7.92308e-05    0.00047144845    0.000114376       -11.83%     15.64%
         445         450       0.00025648776    0.000231521    0.00023417111    0.000191393    0.00028537928    0.000285294        -8.70%     11.26%
         450         455       0.00020933792    3.48507e-05    0.00018705477    3.12722e-05    0.00023891152    3.97137e-05       -10.64%     14.13%
         455         460       0.00039953705    0.000103960    0.00035052399    8.94135e-05    0.00046489752    0.000122842       -12.27%     16.36%
         460         465       0.00034796764    0.000141450    0.00030124338    0.000122118    0.00041016482    0.000166149       -13.43%     17.87%
         465         470       0.00025431623    5.37493e-05    0.00022575361    4.60441e-05    0.00029213223    6.38930e-05       -11.23%     14.87%
         470         475       0.00019461957    0.000121664    0.00016764723    0.000104694    0.00023180690    0.000144487       -13.86%     19.11%
         475         480       5.2329169e-05    8.44866e-05    4.3938827e-05    0.000104407    5.8221878e-05    6.99428e-05       -16.03%     11.26%
         480         485       0.00017568814    3.89638e-05    0.00016278873    3.22895e-05    0.00019295965    4.78938e-05        -7.34%      9.83%
         485         490       6.6102128e-05    8.45516e-05    6.5335956e-05    7.38953e-05    6.8256263e-05    9.84726e-05        -1.16%      3.26%
         490         495       0.00025944552    8.13605e-05    0.00023710155    6.79708e-05    0.00028829976    9.94396e-05        -8.61%     11.12%
         495         500       0.00017646439    3.82545e-05    0.00015509089    3.32330e-05    0.00020408487    4.48180e-05       -12.11%     15.65%
         500         505       0.00018599254    3.75349e-05    0.00016340854    3.16244e-05    0.00021605360    4.53890e-05       -12.14%     16.16%
         505         510       0.00011297659    4.72189e-05    0.00010190034    4.09298e-05    0.00012931152    5.55581e-05        -9.80%     14.46%
         510         515       0.00019441317    4.15548e-05    0.00016982412    3.48714e-05    0.00022667251    5.04282e-05       -12.65%     16.59%
         515         520       0.00010050783    5.63140e-05    8.4683814e-05    4.92947e-05    0.00012323077    6.51635e-05       -15.74%     22.61%
         520         525       8.2461674e-05    7.15770e-05    7.3855471e-05    6.21702e-05    9.3414825e-05    8.35865e-05       -10.44%     13.28%
         525         530       1.3490752e-05    0.000112854    6.7620993e-06    0.000111343    2.1837308e-05    0.000114903       -49.88%     61.87%
         530         535       0.00012352451    4.90491e-05    0.00010689003    4.36663e-05    0.00014603793    5.64248e-05       -13.47%     18.23%
         535         540       0.00015367147    3.25885e-05    0.00013277289    2.71090e-05    0.00018151850    4.01787e-05       -13.60%     18.12%
         540         545       9.3651462e-05    3.30213e-05    8.0589007e-05    2.78549e-05    0.00011138716    3.98255e-05       -13.95%     18.94%
         545         550       0.00013533234    3.56758e-05    0.00012086663    2.93662e-05    0.00015459166    4.43090e-05       -10.69%     14.23%
         550         555       0.00010396986    2.06295e-05    9.2956477e-05    1.76044e-05    0.00011830695    2.48044e-05       -10.59%     13.79%
         555         560       9.2016096e-05    2.27573e-05    8.2835048e-05    1.92184e-05    0.00010467454    2.76146e-05        -9.98%     13.76%
         560         565       0.00013634313    3.52734e-05    0.00011888075    2.88250e-05    0.00016023605    4.43397e-05       -12.81%     17.52%
         565         570      -7.0221754e-05    8.46588e-05   -8.0346270e-05    9.77642e-05   -6.0917137e-05    7.42438e-05        14.42%    -13.25%
         570         575       3.1673144e-05    8.77849e-05    2.5273860e-05    7.72603e-05    4.0172480e-05    0.000100851       -20.20%     26.83%
         575         580       5.0514693e-05    2.79330e-05    4.5128162e-05    2.50073e-05    5.7791315e-05    3.17501e-05       -10.66%     14.40%
         580         585       0.00011925072    3.62433e-05    0.00010340314    3.05457e-05    0.00013992738    4.37087e-05       -13.29%     17.34%
         585         590       0.00011004286    3.22347e-05    9.6672041e-05    2.73285e-05    0.00012722255    3.85938e-05       -12.15%     15.61%
         590         595       4.4005683e-05    5.02215e-05    4.3698146e-05    5.57540e-05    4.5284970e-05    5.51320e-05        -0.70%      2.91%
         595         600       3.9992210e-06    2.06105e-05    3.3397227e-06    1.98611e-05    4.9289937e-06    2.37789e-05       -16.49%     23.25%
         600         605       6.4011721e-05    2.79271e-05    5.5670588e-05    2.33312e-05    7.5172860e-05    3.39995e-05       -13.03%     17.44%
         605         610       5.4576877e-05    1.32950e-05    4.7790976e-05    1.10581e-05    6.3588583e-05    1.63299e-05       -12.43%     16.51%
         610         615       5.3433780e-05    7.91985e-05    4.1962622e-05    7.12820e-05    6.9252508e-05    8.93110e-05       -21.47%     29.60%
         615         620       9.0968702e-05    2.42253e-05    7.7721693e-05    2.01555e-05    0.00010879751    2.97127e-05       -14.56%     19.60%
         620         625       3.1730253e-05    1.87243e-05    2.9838281e-05    1.63409e-05    3.4480114e-05    2.19035e-05        -5.96%      8.67%
         625         630       2.1317368e-05    1.98729e-05    1.5661912e-05    2.90761e-05    2.6203737e-05    1.47698e-05       -26.53%     22.92%
         630         635       3.4376189e-05    1.51319e-05    3.0677513e-05    1.23408e-05    3.9630574e-05    1.90080e-05       -10.76%     15.28%
         635         640       0.00016190154    0.000103189    0.00013781559    8.60123e-05    0.00019371198    0.000125881       -14.88%     19.65%
         640         645       3.9873475e-05    2.01720e-05    3.4960170e-05    1.66404e-05    4.6645203e-05    2.50790e-05       -12.32%     16.98%
         645         650      -2.8471132e-05    9.80438e-05   -3.9991465e-05    0.000118869   -1.9821698e-05    8.21927e-05        40.46%    -30.38%
         650         655       4.8551625e-05    1.30038e-05    4.1099921e-05    1.05438e-05    5.8757509e-05    1.64377e-05       -15.35%     21.02%
         655         660       1.0749941e-05    1.27301e-05    1.0072124e-05    1.62903e-05    1.1642240e-05    1.11795e-05        -6.31%      8.30%
         660         665       3.1744779e-05    8.09312e-06    2.7802319e-05    6.62137e-06    3.6975895e-05    1.03326e-05       -12.42%     16.48%
         665         670       5.9834007e-05    1.92715e-05    5.1448326e-05    1.61021e-05    7.1353442e-05    2.37545e-05       -14.01%     19.25%
         670         675      -3.5209033e-05    6.86044e-05   -4.3391744e-05    8.34700e-05   -2.8814090e-05    5.73015e-05        23.24%    -18.16%
         675         680       7.2483673e-05    5.77812e-05    6.1864444e-05    4.82422e-05    8.6489635e-05    7.03400e-05       -14.65%     19.32%
         680         685       7.2838397e-05    3.98173e-05    6.3114228e-05    3.32818e-05    8.5876661e-05    4.84775e-05       -13.35%     17.90%
         685         690       9.7516298e-05    6.51630e-05    8.5527335e-05    5.76848e-05    0.00011277788    7.43104e-05       -12.29%     15.65%
         690         695       9.0745285e-05    4.91580e-05    7.6405984e-05    3.97335e-05    0.00011021235    6.20452e-05       -15.80%     21.45%
         695         700       1.4880236e-05    7.05867e-06    1.4733090e-05    5.80105e-06    1.5169951e-05    8.22190e-06        -0.99%      1.95%
         700         705       1.2821189e-05    2.61734e-05    1.1459174e-05    2.39778e-05    1.4772322e-05    2.87726e-05       -10.62%     15.22%
         705         710       3.4358971e-05    1.34278e-05    3.0190937e-05    9.74215e-06    4.0351869e-05    1.88400e-05       -12.13%     17.44%
         710         715       2.9279092e-05    7.82975e-06    2.5315166e-05    6.42325e-06    3.4688917e-05    9.81707e-06       -13.54%     18.48%
         715         720       5.8100845e-05    3.90595e-05    5.4240656e-05    3.67524e-05    6.2743679e-05    4.16683e-05        -6.64%      7.99%
         720         725       3.1903163e-05    2.11205e-05    2.6700612e-05    1.71131e-05    3.9152950e-05    2.66275e-05       -16.31%     22.72%
         725         730      -3.1724883e-06    2.05294e-05   -7.5522840e-06    2.65489e-05    5.9302313e-08    1.62048e-05       138.06%   -101.87%
         730         735       4.5408091e-05    3.10435e-05    3.8253746e-05    2.52674e-05    5.5143475e-05    3.89589e-05       -15.76%     21.44%
         735         740       6.5811461e-05    3.98491e-05    5.4745762e-05    3.30058e-05    8.0870525e-05    4.89515e-05       -16.81%     22.88%
         740         745       1.5538480e-05    4.64635e-06    1.4128486e-05    3.86011e-06    1.7359680e-05    5.75943e-06        -9.07%     11.72%
         745         750       9.1794282e-05    8.28301e-05    8.0715783e-05    7.19441e-05    0.00010547631    9.66822e-05       -12.07%     14.91%
         750         755       3.2813998e-05    8.33702e-06    2.7484082e-05    6.71594e-06    4.0084948e-05    1.05936e-05       -16.24%     22.16%
         755         760      -3.9190762e-06    2.25495e-05   -6.3494682e-06    2.77333e-05   -2.1251706e-06    1.86765e-05        62.01%    -45.77%
         760         765       2.9550096e-05    2.14140e-05    2.5070640e-05    1.77401e-05    3.5475606e-05    2.63205e-05       -15.16%     20.05%
         765         770       9.8465750e-06    7.67484e-06    9.1620840e-06    6.88539e-06    1.0673876e-05    8.63763e-06        -6.95%      8.40%
         770         775       3.4320234e-06    5.85041e-06    2.9735866e-06    6.45978e-06    3.8015966e-06    5.36519e-06       -13.36%     10.77%
         775         780       3.7009955e-05    1.25912e-05    3.1157095e-05    1.01376e-05    4.5018150e-05    1.59971e-05       -15.81%     21.64%
         780         785       9.1072934e-06    4.56885e-06    7.5609196e-06    3.51414e-06    1.1358365e-05    6.11969e-06       -16.98%     24.72%
         785         790       2.9491264e-05    1.18673e-05    2.5530344e-05    1.01105e-05    3.4830852e-05    1.42495e-05       -13.43%     18.11%
         790         795       2.5110070e-05    1.51115e-05    2.1137454e-05    1.21921e-05    3.0556684e-05    1.91475e-05       -15.82%     21.69%
         795         800       1.6786121e-05    1.13286e-05    1.3887575e-05    9.32854e-06    2.0786389e-05    1.40972e-05       -17.27%     23.83%
         800         805       2.1842503e-05    6.66772e-06    1.8416191e-05    5.44179e-06    2.6515010e-05    8.42073e-06       -15.69%     21.39%
         805         810      -1.0427924e-05    1.77802e-05   -1.5113618e-05    2.33168e-05   -7.2026774e-06    1.39120e-05        44.93%    -30.93%
         810         815       1.5036001e-05    4.81742e-06    1.3081174e-05    3.96076e-06    1.7620801e-05    6.00428e-06       -13.00%     17.19%
         815         820       1.8951778e-05    6.83665e-06    1.5746483e-05    5.36438e-06    2.3399274e-05    8.96460e-06       -16.91%     23.47%
         820         825       1.8715635e-05    1.92616e-05    1.5014436e-05    1.51097e-05    2.3985994e-05    2.51723e-05       -19.78%     28.16%
         825         830       4.6057304e-06    4.43372e-06    4.1526083e-06    3.58478e-06    5.1826741e-06    5.63008e-06        -9.84%     12.53%
         830         835       8.4706536e-06    8.00330e-06    7.5566338e-06    6.56970e-06    9.6457198e-06    9.94222e-06       -10.79%     13.87%
         835         840       1.9493166e-05    6.62437e-06    1.6493706e-05    5.50283e-06    2.3536146e-05    8.14297e-06       -15.39%     20.74%
         840         845       6.3793022e-06    5.08249e-06    5.4325562e-06    4.31491e-06    7.6662981e-06    6.08385e-06       -14.84%     20.17%
         845         850      -1.3257178e-06    6.07666e-06   -2.3938458e-06    7.52759e-06   -5.6383229e-07    5.01905e-06        80.57%    -57.47%
         850         855       1.0866998e-05    5.53256e-06    9.5439889e-06    4.68809e-06    1.2649189e-05    6.68672e-06       -12.17%     16.40%
         855         860       9.5256490e-06    5.27782e-06    8.4130999e-06    4.24648e-06    1.0986155e-05    6.71890e-06       -11.68%     15.33%
         860         865       7.6395618e-06    5.97169e-06    7.2619575e-06    5.42049e-06    8.1079609e-06    6.65709e-06        -4.94%      6.13%
         865         870       6.8611104e-05    6.87531e-05    5.7526994e-05    5.69861e-05    8.3311576e-05    8.44164e-05       -16.15%     21.43%
         870         875       3.3052136e-07    4.22629e-06   -2.6496838e-07    5.45939e-06    7.1117380e-07    3.35588e-06      -180.17%    115.17%
         875         880       5.1146543e-06    3.87428e-06    4.2717459e-06    3.07495e-06    6.3292541e-06    5.00337e-06       -16.48%     23.75%
         880         885       8.1533096e-06    2.32324e-06    7.0443182e-06    1.98584e-06    9.6149295e-06    2.77372e-06       -13.60%     17.93%
         885         890      -8.0513791e-06    9.54756e-06   -1.0613292e-05    1.20146e-05   -6.2153290e-06    7.81025e-06        31.82%    -22.80%
         890         895       3.4831360e-07    1.22711e-05   -4.1637400e-07    1.34189e-05    9.6477360e-07    1.13661e-05      -219.54%    176.98%
         895         900       3.5726487e-05    2.31182e-05    2.9429620e-05    1.87768e-05    4.4264065e-05    2.90563e-05       -17.63%     23.90%
         900         905       5.1074747e-06    6.44298e-06    4.7532896e-06    5.73072e-06    5.5850087e-06    7.33394e-06        -6.93%      9.35%
         905         910       3.3234910e-05    1.38410e-05    2.6533845e-05    1.06683e-05    4.2838388e-05    1.84805e-05       -20.16%     28.90%
         910         915       6.1660139e-06    7.23878e-06    5.1139747e-06    5.71062e-06    7.6901304e-06    9.41959e-06       -17.06%     24.72%
         915         920      -7.6290823e-06    2.08436e-05   -1.0062767e-05    2.63697e-05   -5.8909962e-06    1.68237e-05        31.90%    -22.78%
         920         925      -4.0743299e-06    2.11728e-05   -5.3753611e-06    2.68073e-05   -3.0392356e-06    1.92093e-05        31.93%    -25.41%
         925         930       2.4064349e-05    2.06312e-05    2.0095759e-05    1.66103e-05    2.9399984e-05    2.61780e-05       -16.49%     22.17%
         930         935       4.7545148e-06    3.11463e-06    4.0196597e-06    2.41735e-06    5.8212842e-06    4.13077e-06       -15.46%     22.44%
         935         940      -3.1297439e-07    3.87754e-06   -9.1324855e-07    4.91999e-06    1.1117272e-07    3.14169e-06       191.80%   -135.52%
         940         945      -2.4315999e-06    1.41084e-05   -3.7904072e-06    1.87047e-05   -1.4319324e-06    1.09202e-05        55.88%    -41.11%
         945         950       1.4580420e-05    1.30502e-05    1.2018562e-05    1.01545e-05    1.8119427e-05    1.72140e-05       -17.57%     24.27%
         950         955       5.1022289e-06    2.20983e-06    4.3288025e-06    1.70216e-06    6.1848655e-06    2.97931e-06       -15.16%     21.22%
         955         960       3.2564544e-06    1.52519e-06    2.8943102e-06    1.21991e-06    3.7711448e-06    1.96346e-06       -11.12%     15.81%
         960         965       1.0531840e-05    8.40705e-06    8.4416863e-06    6.63756e-06    1.3487943e-05    1.09096e-05       -19.85%     28.07%
         965         970       4.7676445e-05    3.32045e-05    3.8234859e-05    2.66658e-05    6.0756080e-05    4.22117e-05       -19.80%     27.43%
         970         975      -2.9656343e-06    4.64608e-06   -4.3597645e-06    6.06466e-06   -2.0175667e-06    3.65666e-06        47.01%    -31.97%
         975         980       1.4804859e-06    1.88187e-06    1.2536765e-06    1.54786e-06    1.8107551e-06    2.35186e-06       -15.32%     22.31%
         980         985      -8.3016473e-06    3.51034e-05   -1.0141353e-05    4.48530e-05   -6.8575549e-06    2.80725e-05        22.16%    -17.40%
         985         990       2.2696119e-06    1.93041e-06    2.1367997e-06    2.04971e-06    2.4104054e-06    2.19550e-06        -5.85%      6.20%
         990         995      -1.5071914e-06    6.20317e-06   -2.0190397e-06    8.07253e-06   -1.1118326e-06    4.89080e-06        33.96%    -26.23%
         995        1000       8.3002231e-06    2.94629e-06    6.7246966e-06    2.31499e-06    1.0515290e-05    3.85738e-06       -18.98%     26.69%
