#  left-edge  right-edge       scale-central  central-error        scale-min      min-error        scale-max      max-error      rel-down     rel-up
           0           5           21.775496       0.203796        20.750265       0.180227        22.518737       0.204468        -4.71%      3.41%
           5          10           11.517860       0.223824        10.863801       0.198394        11.897443       0.223779        -5.68%      3.30%
          10          15           6.0823189       0.121628        5.7678212       0.107996        6.2835753       0.134179        -5.17%      3.31%
          15          20           4.5615162       0.125775        4.3395851       0.111536        4.7086989       0.138832        -4.87%      3.23%
          20          25           3.6911702       0.224020        3.5446754       0.198346        3.7799047       0.247308        -3.97%      2.40%
          25          30           3.7261728       0.230299        3.5632938       0.204173        3.8343422       0.253906        -4.37%      2.90%
          30          35           3.5922828       0.140158        3.4434178       0.124767        3.6901792       0.154075        -4.14%      2.73%
          35          40           3.3821814       0.106241        3.2400269      0.0953222        3.4780175       0.116087        -4.20%      2.83%
          40          45           2.4698393      0.0824187        2.3932981      0.0748944        2.5244374      0.0807659        -3.10%      2.21%
          45          50           1.6798571      0.0514060        1.6025017      0.0480055        1.7512545      0.0573860        -4.60%      4.25%
          50          55           1.0275545      0.0393768       0.98737804      0.0375008        1.0746105      0.0439569        -3.91%      4.58%
          55          60          0.70258300      0.0328430       0.67817656      0.0297678       0.73285794      0.0366616        -3.47%      4.31%
          60          65          0.53663067      0.0339984       0.51693118      0.0308042       0.56106689      0.0379632        -3.67%      4.55%
          65          70          0.43952163      0.0288829       0.42218694      0.0261707       0.46102444      0.0322497        -3.94%      4.89%
          70          75          0.33135940      0.0226034       0.31917622      0.0204852       0.34647202      0.0252333        -3.68%      4.56%
          75          80          0.27348530      0.0226996       0.26266770      0.0205676       0.28690400      0.0253462        -3.96%      4.91%
          80          85          0.19208812      0.0200809       0.18555998      0.0181942       0.20018596      0.0224229        -3.40%      4.22%
          85          90          0.15742852      0.0126347       0.15203390      0.0114555       0.16412027      0.0140994        -3.43%      4.25%
          90          95          0.13252675      0.0138027       0.12777090      0.0125093       0.13842615      0.0154087        -3.59%      4.45%
          95         100          0.11332670      0.0135884       0.10893294      0.0123123       0.11877693      0.0151724        -3.88%      4.81%
         100         105          0.10009965      0.0104358      0.095653667     0.00945817       0.10561467      0.0116496        -4.44%      5.51%
         105         110         0.084059830     0.00794891      0.080294848     0.00720688      0.088730101     0.00887056        -4.48%      5.56%
         110         115         0.049858563      0.0127414      0.048689442      0.0115416      0.051308799      0.0142303        -2.34%      2.91%
         115         120         0.061441012      0.0121072      0.058611908      0.0109665      0.064950372      0.0135228        -4.60%      5.71%
         120         125         0.039610069      0.0109766      0.038050764      0.0101967      0.041594657      0.0118286        -3.94%      5.01%
         125         130         0.059910895      0.0106883      0.056389734     0.00968103      0.064278718      0.0119383        -5.88%      7.29%
         130         135         0.024221497      0.0111483      0.023098022      0.0103074      0.025803958      0.0120812        -4.64%      6.53%
         135         140         0.042348009      0.0103020      0.039852660     0.00933018      0.045443363      0.0115079        -5.89%      7.31%
         140         145         0.020663472     0.00368573      0.019929985     0.00334896      0.021647336     0.00408022        -3.55%      4.76%
         145         150         0.023227111     0.00313031      0.022001866     0.00277906      0.024732502     0.00355854        -5.28%      6.48%
         150         155         0.019980875     0.00225521      0.018973376     0.00204636      0.021233544     0.00250317        -5.04%      6.27%
         155         160         0.017216856     0.00398066      0.016232833     0.00355102      0.018462392     0.00450111        -5.72%      7.23%
         160         165         0.011849328     0.00287347      0.011378381     0.00253278      0.012435400     0.00329284        -3.97%      4.95%
         165         170         0.021553360     0.00350948      0.020032098     0.00320462      0.023380406     0.00386239        -7.06%      8.48%
         170         175         0.010209850     0.00247989     0.0097142436     0.00224934      0.010870229     0.00275122        -4.85%      6.47%
         175         180         0.016294584     0.00581659      0.015179355     0.00530376      0.017636182     0.00640467        -6.84%      8.23%
         180         185        0.0089005332     0.00666781     0.0083208115     0.00608420     0.0096467088     0.00733366        -6.51%      8.38%
         185         190        0.0037865124     0.00365597     0.0036949658     0.00408287     0.0038662143     0.00361325        -2.42%      2.10%
         190         195        0.0063856936     0.00241168     0.0061079236     0.00207554     0.0067059277     0.00284839        -4.35%      5.01%
         195         200        0.0081473809     0.00260574     0.0075436671     0.00226268     0.0089093414     0.00304668        -7.41%      9.35%
         200         205        0.0088624077     0.00425086     0.0081185041     0.00372447     0.0098045280     0.00490084        -8.39%     10.63%
         205         210       0.00092611681     0.00471018    0.00044214499     0.00543615     0.0012812989     0.00412324       -52.26%     38.35%
         210         215        0.0047308334     0.00276198     0.0044551619     0.00245102     0.0050803470     0.00313673        -5.83%      7.39%
         215         220        0.0035839287     0.00213613     0.0034372385     0.00188254     0.0038242812     0.00244675        -4.09%      6.71%
         220         225        0.0037695087     0.00270172     0.0035127379     0.00238871     0.0041325069     0.00308896        -6.81%      9.63%
         225         230        0.0054258384     0.00114371     0.0049706247     0.00101398     0.0059807945     0.00130262        -8.39%     10.23%
         230         235        0.0040759530     0.00118706     0.0037888035     0.00105356     0.0044330902     0.00134950        -7.04%      8.76%
         235         240        0.0053274728    0.000847285     0.0048286090    0.000738185     0.0059476273    0.000983507        -9.36%     11.64%
         240         245        0.0023251806    0.000798698     0.0022378341    0.000689627     0.0024216930    0.000939999        -3.76%      4.15%
         245         250       9.4972237e-05     0.00142123   -0.00018582966     0.00167263    0.00032432976     0.00122601      -295.67%    241.50%
         250         255        0.0042978079     0.00278183     0.0039391351     0.00246769     0.0047314474     0.00315932        -8.35%     10.09%
         255         260        0.0011540788     0.00245407     0.0010936127     0.00241152     0.0012434901     0.00277584        -5.24%      7.75%
         260         265        0.0019906050     0.00135772     0.0018667377     0.00118116     0.0021581266     0.00157675        -6.22%      8.42%
         265         270        0.0020655696    0.000943651     0.0018917888    0.000824993     0.0022814731     0.00109109        -8.41%     10.45%
         270         275       0.00053554332     0.00114549    0.00049787973     0.00127888    0.00056590617     0.00103804        -7.03%      5.67%
         275         280        0.0034133352     0.00111636     0.0030807154    0.000979388     0.0038175524     0.00128567        -9.74%     11.84%
         280         285        0.0020435966     0.00107068     0.0018528994    0.000934371     0.0022845156     0.00124025        -9.33%     11.79%
         285         290        0.0020911084    0.000439234     0.0018730296    0.000375977     0.0023737982    0.000522788       -10.43%     13.52%
         290         295       0.00095611291    0.000345700    0.00092262231    0.000303337     0.0010000940    0.000399193        -3.50%      4.60%
         295         300        0.0021286665    0.000823323     0.0018834532    0.000715700     0.0024339778    0.000956659       -11.52%     14.34%
         300         305       0.00040379631    0.000770986    0.00035878073    0.000857248    0.00044529900    0.000801721       -11.15%     10.28%
         305         310       0.00082482774    0.000532659    0.00078696757    0.000469658    0.00087185743    0.000610876        -4.59%      5.70%
         310         315        0.0011435799    0.000504373     0.0010376593    0.000422512     0.0012769182    0.000611570        -9.26%     11.66%
         315         320       0.00081654520    0.000508381    0.00074225077    0.000450413    0.00091174136    0.000579521        -9.10%     11.66%
         320         325       4.8101364e-05    0.000471756   -4.0855032e-05    0.000565836    0.00011965502    0.000400156      -184.94%    148.76%
         325         330       0.00083652481    0.000292087    0.00076897399    0.000254181    0.00091794527    0.000340150        -8.08%      9.73%
         330         335       0.00097102398    0.000313265    0.00085464874    0.000269568     0.0011236097    0.000371160       -11.98%     15.71%
         335         340        0.0012548495    0.000250072     0.0011396270    0.000216808     0.0013972551    0.000292791        -9.18%     11.35%
         340         345       0.00090916341    0.000511187    0.00079456270    0.000440388     0.0010606423    0.000602236       -12.61%     16.66%
         345         350       -0.0034356625     0.00406022    -0.0038835372     0.00453658    -0.0030670894     0.00364997        13.04%    -10.73%
         350         355        0.0052793484     0.00407653     0.0047020814     0.00366300     0.0059776591     0.00456317       -10.93%     13.23%
         355         360       7.0126229e-05    0.000232338    3.3742217e-05    0.000279082    0.00010046511    0.000196549       -51.88%     43.26%
         360         365        0.0051046370     0.00443522     0.0042918184     0.00364539     0.0062048349     0.00549913       -15.92%     21.55%
         365         370       -0.0041784056     0.00443283    -0.0051906398     0.00549593    -0.0034241350     0.00364370        24.23%    -18.05%
         370         375       0.00017407646    0.000379723    0.00015593736    0.000331461    0.00019862860    0.000439924       -10.42%     14.10%
         375         380       0.00043447681    0.000112789    0.00037854911    9.42841e-05    0.00050780654    0.000137767       -12.87%     16.88%
         380         385       0.00012521693    0.000265261    6.5413449e-05    0.000350819    0.00017691242    0.000221191       -47.76%     41.28%
         385         390       0.00041243697    0.000167064    0.00037252428    0.000141775    0.00046182362    0.000200134        -9.68%     11.97%
         390         395       0.00036288972    0.000270369    0.00032645396    0.000232381    0.00041143659    0.000319940       -10.04%     13.38%
         395         400       0.00067246261    0.000294574    0.00059035224    0.000250453    0.00077571995    0.000351438       -12.21%     15.36%
         400         405       0.00063875226    0.000291019    0.00053028553    0.000245415    0.00077777509    0.000350533       -16.98%     21.76%
         405         410       0.00011528541    0.000136568    0.00010910779    0.000151596    0.00012057848    0.000115801        -5.36%      4.59%
         410         415       9.1450707e-05    0.000275797    8.9090889e-05    0.000256635    9.3287066e-05    0.000297561        -2.58%      2.01%
         415         420       9.1865536e-05    0.000148016    5.8919028e-05    0.000181343    0.00011741128    0.000123593       -35.86%     27.81%
         420         425       0.00036201472    0.000178553    0.00032328091    0.000153351    0.00041034327    0.000210657       -10.70%     13.35%
         425         430       0.00046364955    0.000231846    0.00039438617    0.000189422    0.00055802432    0.000290069       -14.94%     20.35%
         430         435       0.00017942523    0.000126369    0.00017090531    0.000108115    0.00019057413    0.000150760        -4.75%      6.21%
         435         440       0.00042320935    0.000271030    0.00036385045    0.000227175    0.00050124043    0.000328706       -14.03%     18.44%
         440         445       0.00018216797    7.63053e-05    0.00015895064    6.18761e-05    0.00021363049    9.63121e-05       -12.75%     17.27%
         445         450       0.00015473456    0.000235766    0.00014694061    0.000256672    0.00016207102    0.000262921        -5.04%      4.74%
         450         455       0.00036516754    0.000254551    0.00033965767    0.000203424    0.00039585108    0.000326473        -6.99%      8.40%
         455         460      -9.3616587e-05    0.000229223   -0.00013928532    0.000281035   -6.0812257e-05    0.000190186        48.78%    -35.04%
         460         465      -0.00010743683    0.000255707   -0.00012683554    0.000285571   -8.9821646e-05    0.000217083        18.06%    -16.40%
         465         470       0.00023616462    0.000151339    0.00021537401    0.000140785    0.00026194126    0.000163665        -8.80%     10.91%
         470         475      -5.1011663e-06    0.000142079   -2.6713416e-05    0.000170174    1.0181933e-05    0.000120271       423.67%   -299.60%
         475         480       0.00033857913    0.000159932    0.00028955673    0.000133359    0.00040277827    0.000194305       -14.48%     18.96%
         480         485       0.00012522297    7.60905e-05    0.00010842059    6.30558e-05    0.00014727657    9.34906e-05       -13.42%     17.61%
         485         490       0.00012999976    7.23121e-05    0.00012378344    6.68216e-05    0.00013675561    7.93886e-05        -4.78%      5.20%
         490         495       0.00017072022    9.13249e-05    0.00014964849    7.36633e-05    0.00020167007    0.000115227       -12.34%     18.13%
         495         500       0.00029752839    0.000104563    0.00025436973    8.66693e-05    0.00035563015    0.000129033       -14.51%     19.53%
         500         505       0.00020618391    8.89923e-05    0.00018089541    7.59822e-05    0.00024160251    0.000107485       -12.27%     17.18%
         505         510       0.00013248807    7.05364e-05    0.00011196167    5.74951e-05    0.00015969798    8.83575e-05       -15.49%     20.54%
         510         515       0.00010282743    3.57789e-05    8.8613763e-05    2.98581e-05    0.00012175289    4.36730e-05       -13.82%     18.41%
         515         520       3.1753503e-05    3.47362e-05    2.9747109e-05    2.86336e-05    3.3794471e-05    4.31434e-05        -6.32%      6.43%
         520         525        0.0012316250     0.00116109     0.0010293852    0.000964404     0.0014975138     0.00142002       -16.42%     21.59%
         525         530       -0.0010930828     0.00116183    -0.0013381049     0.00142097   -0.00090658061    0.000964998        22.42%    -17.06%
         530         535       0.00012406387    4.83477e-05    0.00010844730    4.23078e-05    0.00014351724    5.58645e-05       -12.59%     15.68%
         535         540       3.2828251e-05    1.07055e-05    2.9161868e-05    9.20689e-06    3.7492042e-05    1.27169e-05       -11.17%     14.21%
         540         545       0.00010618914    5.03566e-05    9.5465170e-05    4.62045e-05    0.00012009522    5.61341e-05       -10.10%     13.10%
         545         550       0.00012347482    4.63911e-05    0.00010356316    3.82717e-05    0.00015187515    5.81027e-05       -16.13%     23.00%
         550         555       6.3065399e-05    2.50465e-05    5.5773158e-05    2.15377e-05    7.2571046e-05    2.99260e-05       -11.56%     15.07%
         555         560       4.5637755e-05    1.84326e-05    4.2163104e-05    1.64434e-05    4.9854505e-05    2.10606e-05        -7.61%      9.24%
         560         565       9.4751639e-05    4.62565e-05    7.9343162e-05    3.81856e-05    0.00011509721    5.69955e-05       -16.26%     21.47%
         565         570      -3.6708180e-05    5.17646e-05   -4.9493822e-05    6.60142e-05   -2.7737931e-05    4.16491e-05        34.83%    -24.44%
         570         575       4.1570983e-05    2.19265e-05    3.5823151e-05    1.76215e-05    4.9436289e-05    2.78931e-05       -13.83%     18.92%
         575         580       3.7092022e-05    2.23809e-05    3.1293081e-05    1.82067e-05    4.4776527e-05    2.80225e-05       -15.63%     20.72%
         580         585       6.3263857e-05    5.48231e-05    5.9197961e-05    4.78617e-05    6.7767177e-05    6.41726e-05        -6.43%      7.12%
         585         590       5.6025863e-05    3.50410e-05    4.6502296e-05    2.85638e-05    6.8807596e-05    4.38986e-05       -17.00%     22.81%
         590         595      -0.00028945446    0.000327779   -0.00034620095    0.000388062   -0.00024528170    0.000280504        19.60%    -15.26%
         595         600       4.6154304e-05    1.97137e-05    4.2544913e-05    1.75067e-05    5.0319814e-05    2.25188e-05        -7.82%      9.03%
         600         605       6.5275136e-06    7.31374e-06    5.5476310e-06    6.00034e-06    7.8481807e-06    9.08224e-06       -15.01%     20.23%
         605         610       0.00037980355    0.000329832    0.00032863397    0.000282255    0.00044467105    0.000390499       -13.47%     17.08%
         610         615       2.4934802e-05    1.28504e-05    2.0840035e-05    1.04927e-05    3.0419739e-05    1.60590e-05       -16.42%     22.00%
         615         620       1.4952390e-05    6.32806e-06    1.2519154e-05    5.17145e-06    1.8178269e-05    7.94416e-06       -16.27%     21.57%
         620         625       2.3820630e-05    1.47639e-05    2.2935933e-05    1.39129e-05    2.4712839e-05    1.56907e-05        -3.71%      3.75%
         625         630       2.8175798e-05    1.96490e-05    2.6289697e-05    1.75018e-05    3.0271390e-05    2.20628e-05        -6.69%      7.44%
         630         635       2.0785961e-05    1.22985e-05    1.8935824e-05    1.07072e-05    2.2978631e-05    1.44073e-05        -8.90%     10.55%
         635         640       2.4815031e-05    9.73550e-06    2.2133494e-05    8.45227e-06    2.8284696e-05    1.14523e-05       -10.81%     13.98%
         640         645       1.7285639e-05    9.77562e-06    1.5346302e-05    8.77162e-06    1.9713621e-05    1.10028e-05       -11.22%     14.05%
         645         650       7.9413399e-06    8.57369e-06    7.0847895e-06    7.86710e-06    9.0056926e-06    9.40820e-06       -10.79%     13.40%
         650         655       3.9421705e-05    2.68396e-05    3.6529412e-05    2.27515e-05    4.3088134e-05    3.26914e-05        -7.34%      9.30%
         655         660       1.0106482e-05    4.55164e-06    8.7394112e-06    3.89746e-06    1.1886050e-05    5.43536e-06       -13.53%     17.61%
         660         665       1.9945334e-05    1.16177e-05    1.8429431e-05    1.05508e-05    2.1700088e-05    1.28986e-05        -7.60%      8.80%
         665         670       2.3863842e-05    2.04264e-05    2.2052551e-05    1.86407e-05    2.5965639e-05    2.25458e-05        -7.59%      8.81%
         670         675       5.3003561e-06    5.43241e-06    4.5828595e-06    4.40626e-06    6.2556062e-06    6.84084e-06       -13.54%     18.02%
         675         680       5.3507912e-06    2.64999e-06    4.9072548e-06    2.24176e-06    6.0263684e-06    3.24607e-06        -8.29%     12.63%
         680         685       1.7633261e-05    1.33224e-05    1.4644916e-05    1.08899e-05    2.1642397e-05    1.66198e-05       -16.95%     22.74%
         685         690       2.0417130e-05    1.27855e-05    1.8429270e-05    1.18330e-05    2.2932480e-05    1.39157e-05        -9.74%     12.32%
         690         695       3.5638049e-05    2.10062e-05    2.9076590e-05    1.66700e-05    4.4835438e-05    2.70360e-05       -18.41%     25.81%
         695         700      -1.0055485e-05    1.25845e-05   -1.8620863e-05    2.14911e-05   -3.2905959e-06    5.60346e-06        85.18%    -67.28%
         700         705       6.2987302e-06    1.70560e-05   -1.7448304e-07    2.22433e-05    1.1165351e-05    1.35162e-05      -102.77%     77.26%
         705         710       1.2612482e-05    1.76401e-05    1.1974102e-05    1.60467e-05    1.3394948e-05    1.95720e-05        -5.06%      6.20%
         710         715       7.0561761e-05    6.09953e-05    5.7415043e-05    4.87514e-05    8.8532885e-05    7.79006e-05       -18.63%     25.47%
         715         720       2.1419964e-06    1.34678e-06    1.8969750e-06    1.19607e-06    2.4517075e-06    1.53657e-06       -11.44%     14.46%
         720         725       9.0087015e-05    5.69576e-05    7.7859233e-05    4.89514e-05    0.00010573741    6.73829e-05       -13.57%     17.37%
         725         730       3.4430740e-05    2.17570e-05    3.0834753e-05    1.97067e-05    3.8732584e-05    2.41696e-05       -10.44%     12.49%
         730         735      -8.9437482e-06    1.78845e-05   -1.1256187e-05    2.24531e-05   -7.2211818e-06    1.45278e-05        25.86%    -19.26%
         735         740       1.5853983e-06    5.52992e-06   -6.7027921e-07    7.70459e-06    2.9843455e-06    4.27183e-06      -142.28%     88.24%
         740         745       4.0909323e-07    5.14559e-06   -1.7856781e-06    7.86474e-06    1.8806683e-06    3.34696e-06      -536.50%    359.72%
         745         750       4.4081567e-05    2.67469e-05    3.7991860e-05    2.30564e-05    5.2242077e-05    3.18922e-05       -13.81%     18.51%
         750         755      -8.9082412e-06    6.73129e-06   -1.0369664e-05    8.25276e-06   -7.7614122e-06    5.63211e-06        16.41%    -12.87%
         755         760       8.6272097e-05    7.97781e-05    7.1238434e-05    6.53253e-05    0.00010650376    9.93280e-05       -17.43%     23.45%
         760         765      -0.00011857715    0.000102164   -0.00014840320    0.000125213   -9.6897927e-05    8.47888e-05        25.15%    -18.28%
         765         770       8.3489274e-05    6.34538e-05    6.9918314e-05    5.33648e-05    0.00010135769    7.66481e-05       -16.25%     21.40%
         770         775       1.7475118e-05    1.65607e-05    1.3270057e-05    1.25118e-05    2.3724582e-05    2.25599e-05       -24.06%     35.76%
         775         780       3.3167439e-06    5.11904e-06    2.6596895e-06    6.57484e-06    3.8124023e-06    4.06993e-06       -19.81%     14.94%
         780         785       5.6014640e-06    3.78171e-06    5.3081019e-06    3.40159e-06    5.9696924e-06    4.21778e-06        -5.24%      6.57%
         785         790       1.7528314e-05    3.39144e-05    1.4328914e-05    2.69755e-05    2.2033538e-05    4.36639e-05       -18.25%     25.70%
         790         795       2.5016987e-05    2.34155e-05    1.9756618e-05    1.85551e-05    3.2335281e-05    3.01630e-05       -21.03%     29.25%
         795         800       1.8260423e-07    1.03219e-07    1.7197069e-07    9.70483e-08    1.9187317e-07    1.09312e-07        -5.82%      5.08%
         800         805       1.3685059e-06    1.08672e-06    1.3037383e-06    9.65485e-07    1.4461136e-06    1.25306e-06        -4.73%      5.67%
         805         810       1.9227075e-05    1.81983e-05    1.5630168e-05    1.46733e-05    2.4163436e-05    2.30563e-05       -18.71%     25.67%
         810         815       6.1397218e-05    6.00406e-05    5.6785358e-05    5.57908e-05    6.6676555e-05    6.48473e-05        -7.51%      8.60%
         815         820       0.00011060147    0.000110474    0.00010311730    0.000103003    0.00011903741    0.000118896        -6.77%      7.63%
         820         825       1.5913376e-05    1.26588e-05    1.4309440e-05    1.12023e-05    1.7942537e-05    1.45028e-05       -10.08%     12.75%
         825         830       2.1641281e-05    2.18235e-05    1.8000294e-05    1.79769e-05    2.6494797e-05    2.69917e-05       -16.82%     22.43%
         830         835      -2.1434021e-05    2.18188e-05   -2.6469542e-05    2.69780e-05   -1.7675839e-05    1.79766e-05        23.49%    -17.53%
         835         840       7.6894069e-06    7.48654e-06    5.8936914e-06    5.38188e-06    1.0494255e-05    1.08016e-05       -23.35%     36.48%
         840         845       2.2404878e-06    2.45154e-06    1.9833517e-06    2.11981e-06    2.5777641e-06    2.87564e-06       -11.48%     15.05%
         845         850       1.6341521e-06    1.03437e-06    1.4739664e-06    8.99627e-07    1.8349731e-06    1.21366e-06        -9.80%     12.29%
         850         855       1.6741653e-06    1.37368e-06    1.3227748e-06    1.09398e-06    2.1665601e-06    1.77315e-06       -20.99%     29.41%
         855         860       1.3227632e-06    1.24317e-06    1.0796074e-06    9.69038e-07    1.6533417e-06    1.63822e-06       -18.38%     24.99%
         860         865      -1.3453306e-05    1.52687e-05   -2.1652198e-05    2.41048e-05   -7.6954085e-06    9.08385e-06        60.94%    -42.80%
         865         870       6.4138705e-07    5.60186e-07    6.2642950e-07    6.61847e-07    6.5234673e-07    5.53457e-07        -2.33%      1.71%
         870         875       1.2348627e-06    5.94293e-07    1.0484571e-06    4.98607e-07    1.4848189e-06    7.23215e-07       -15.10%     20.24%
         875         880       3.4920656e-07    2.01755e-07    2.7771201e-07    1.59733e-07    4.5034395e-07    2.62114e-07       -20.47%     28.96%
         880         885      -4.4344722e-07    3.62771e-07   -5.9797465e-07    4.60068e-07   -3.4023859e-07    3.07792e-07        34.85%    -23.27%
         885         890       8.3426611e-06    6.70489e-06    7.5153889e-06    6.06943e-06    9.3356885e-06    7.46123e-06        -9.92%     11.90%
         890         895       1.8838831e-06    1.44746e-06    1.6727280e-06    1.27849e-06    2.1402447e-06    1.65619e-06       -11.21%     13.61%
         895         900      -1.0187755e-06    1.26432e-06   -5.8680824e-06    6.15430e-06    2.8300048e-06    2.63160e-06       475.99%   -377.78%
         900         905      -1.0635824e-06    1.06385e-06   -1.7196467e-06    1.71267e-06   -6.0299773e-07    6.07352e-07        61.68%    -43.31%
         905         910       1.9325651e-06    1.24215e-06    1.7558116e-06    1.13189e-06    2.1409866e-06    1.37143e-06        -9.15%     10.78%
         910         915       3.3123137e-05    3.01257e-05    2.6044299e-05    2.34852e-05    4.3220050e-05    3.96603e-05       -21.37%     30.48%
         915         920       7.3505572e-06    4.56455e-06    6.5042961e-06    4.08865e-06    8.5923556e-06    5.29833e-06       -11.51%     16.89%
         920         925       4.6494756e-09    4.62809e-07   -1.4210999e-07    6.44443e-07    1.0590101e-07    3.37979e-07     -3156.47%   2177.70%
         925         930       1.5741986e-06    9.50533e-07    1.4081595e-06    8.52042e-07    1.7761878e-06    1.06976e-06       -10.55%     12.83%
         930         935       2.8541626e-07    2.80975e-07    2.5060787e-07    2.46905e-07    3.2875686e-07    3.23319e-07       -12.20%     15.19%
         935         940      -7.9315176e-07    7.19410e-07   -1.0021304e-06    8.57062e-07   -6.3491467e-07    6.16111e-07        26.35%    -19.95%
         940         945       1.6314033e-06    1.62642e-06    1.4987402e-06    1.49468e-06    1.7856693e-06    1.77940e-06        -8.13%      9.46%
         945         950      -7.0537923e-08    3.13707e-07   -8.9546086e-08    3.82441e-07   -5.6402242e-08    2.61924e-07        26.95%    -20.04%
         950         955       5.7370380e-08    6.10046e-08    4.8068878e-08    5.14944e-08    6.9608348e-08    7.33745e-08       -16.21%     21.33%
         955         960      -1.9479393e-07    7.43133e-07   -4.7187013e-07    1.05777e-06   -5.9437230e-10    5.29338e-07       142.24%    -99.69%
         960         965      -2.1680821e-07    2.18878e-07   -3.3176351e-07    3.34498e-07   -1.3739563e-07    1.39050e-07        53.02%    -36.63%
         965         970       1.0362511e-05    9.85551e-06    8.0479894e-06    7.65487e-06    1.3691090e-05    1.30199e-05       -22.34%     32.12%
         970         975       9.8768875e-06    9.25718e-06    8.7766681e-06    8.26753e-06    1.1225046e-05    1.04669e-05       -11.14%     13.65%
         975         980       1.6831783e-05    1.67592e-05    1.3242481e-05    1.29863e-05    2.1975046e-05    2.21716e-05       -21.32%     30.56%
         980         985      -1.7478616e-05    1.76475e-05   -2.1719853e-05    2.19208e-05   -1.4331021e-05    1.44751e-05        24.27%    -18.01%
         985         990       1.0591385e-06    6.88733e-07    9.6734009e-07    6.36899e-07    1.1898899e-06    7.67182e-07        -8.67%     12.35%
         990         995      -2.6814448e-07    3.35701e-07   -3.6053775e-07    4.14806e-07   -2.0190191e-07    2.85591e-07        34.46%    -24.70%
         995        1000       1.2058101e-06    1.20693e-06    1.1497309e-06    1.15029e-06    1.2639527e-06    1.26587e-06        -4.65%      4.82%
