#  left-edge  right-edge       scale-central  central-error        scale-min      min-error        scale-max      max-error      rel-down     rel-up
           0           2         0.065592744     0.00380721      0.056168572     0.00330212      0.074455063     0.00428058       -14.37%     13.51%
           2           4           1.0116959     0.00605701       0.87175963     0.00522599        1.1424446     0.00684449       -13.83%     12.92%
           4           6          0.87031527     0.00333277       0.75225556     0.00289352       0.98024137     0.00374847       -13.57%     12.63%
           6           8          0.58316940     0.00288756       0.50504919     0.00249801       0.65583101     0.00325687       -13.40%     12.46%
           8          10          0.41845759     0.00268171       0.36331235     0.00243030       0.46962685     0.00292448       -13.18%     12.23%
          10          12          0.32360408     0.00249566       0.28123075     0.00209957       0.36285740     0.00288662       -13.09%     12.13%
          12          14          0.26263296     0.00341981       0.22870167     0.00280539       0.29399210     0.00403631       -12.92%     11.94%
          14          16          0.23517016     0.00189989       0.20467086     0.00166392       0.26340702     0.00214272       -12.97%     12.01%
          16          18          0.21383592     0.00174300       0.18628713     0.00148150       0.23927816     0.00200129       -12.88%     11.90%
          18          20          0.19264432     0.00151020       0.16779668     0.00130012       0.21559321     0.00171858       -12.90%     11.91%
          20          22          0.17506467     0.00126391       0.15267027     0.00108478       0.19569247     0.00144287       -12.79%     11.78%
          22          24          0.15974260     0.00129819       0.13951403     0.00111212       0.17834045     0.00148518       -12.66%     11.64%
          24          26          0.14624723     0.00124206       0.12764731     0.00107524       0.16340712     0.00140524       -12.72%     11.73%
          26          28          0.13954044     0.00116172       0.12176036     0.00100120       0.15596180     0.00131948       -12.74%     11.77%
          28          30          0.12702717     0.00205238       0.11080095     0.00179828       0.14198577     0.00228992       -12.77%     11.78%
          30          32          0.12941383     0.00108744       0.11291240    0.000942043       0.14462785     0.00122864       -12.75%     11.76%
          32          34          0.13123928     0.00164729       0.11419342     0.00145248       0.14700900     0.00183573       -12.99%     12.02%
          34          36          0.14217922     0.00134066       0.12361963     0.00116058       0.15937437     0.00151358       -13.05%     12.09%
          36          38          0.15704454     0.00167995       0.13632227     0.00145811       0.17626712     0.00189072       -13.20%     12.24%
          38          40          0.16906780     0.00142481       0.14676459     0.00123299       0.18976669     0.00160729       -13.19%     12.24%
          40          42          0.18351204     0.00150281       0.15913142     0.00129751       0.20617112     0.00169974       -13.29%     12.35%
          42          44          0.19614064     0.00208500       0.16987975     0.00181547       0.22055737     0.00233692       -13.39%     12.45%
          44          46          0.21465772     0.00202663       0.18582648     0.00175901       0.24148400     0.00227808       -13.43%     12.50%
          46          48          0.23006900     0.00217230       0.19910431     0.00188853       0.25887572     0.00243729       -13.46%     12.52%
          48          50          0.25111373     0.00229474       0.21720084     0.00199700       0.28268253     0.00257308       -13.50%     12.57%
          50          52          0.26775486     0.00235105       0.23143019     0.00204974       0.30159690     0.00263169       -13.57%     12.64%
          52          54          0.29241369     0.00215702       0.25263274     0.00186569       0.32950276     0.00243237       -13.60%     12.68%
          54          56          0.30945455     0.00213797       0.26730665     0.00185586       0.34874831     0.00240612       -13.62%     12.70%
          56          58          0.33410284     0.00294888       0.28857107     0.00255635       0.37655276     0.00331522       -13.63%     12.71%
          58          60          0.35219445     0.00336913       0.30427953     0.00292261       0.39685334     0.00378543       -13.60%     12.68%
          60          62          0.37542087     0.00321184       0.32430100     0.00278634       0.42306052     0.00361009       -13.62%     12.69%
          62          64          0.39178723     0.00293092       0.33851834     0.00255437       0.44143689     0.00328124       -13.60%     12.67%
          64          66          0.40382771     0.00315969       0.34896221     0.00275082       0.45494352     0.00354338       -13.59%     12.66%
          66          68          0.42091136     0.00326505       0.36385096     0.00283971       0.47408771     0.00366297       -13.56%     12.63%
          68          70          0.41671879     0.00340106       0.36037770     0.00296235       0.46919723     0.00381069       -13.52%     12.59%
          70          72          0.40916921     0.00341868       0.35417401     0.00296920       0.46033752     0.00383928       -13.44%     12.51%
          72          74          0.38476475     0.00374970       0.33392436     0.00326215       0.43196796     0.00420581       -13.21%     12.27%
          74          76          0.33464142     0.00355454       0.29120471     0.00310553       0.37487671     0.00397044       -12.98%     12.02%
          76          78          0.27195111     0.00432299       0.23787790     0.00378514       0.30335873     0.00482084       -12.53%     11.55%
          78          80          0.19495331     0.00258468       0.17261916     0.00226150       0.21527223     0.00288510       -11.46%     10.42%
          80          82          0.15915535     0.00154563       0.14352575     0.00137521       0.17301135     0.00170517        -9.82%      8.71%
          82          84          0.17510540     0.00137867       0.15959098     0.00126469       0.18860297     0.00148065        -8.86%      7.71%
          84          86          0.25593597     0.00162583       0.23454980     0.00150629       0.27431980     0.00173106        -8.36%      7.18%
          86          88          0.46635700     0.00257545       0.42866527     0.00238515       0.49855868     0.00274124        -8.08%      6.90%
          88          90           1.2710841     0.00427461        1.1700728     0.00398360        1.3571434     0.00452541        -7.95%      6.77%
          90          92           3.4560802     0.00736165        3.1853411     0.00688430        3.6861802     0.00777387        -7.83%      6.66%
          92          94           1.4830115     0.00503757        1.3675450     0.00472049        1.5810614     0.00531328        -7.79%      6.61%
          94          96          0.44637693     0.00267698       0.41176376     0.00250766       0.47575708     0.00282235        -7.75%      6.58%
          96          98          0.21065806     0.00173152       0.19429484     0.00161373       0.22455613     0.00183341        -7.77%      6.60%
          98         100          0.12404469     0.00131659       0.11455053     0.00122303       0.13209865     0.00139858        -7.65%      6.49%
         100         102         0.082247589     0.00104945      0.075932442    0.000980841      0.087604298     0.00110811        -7.68%      6.51%
         102         104         0.060646944    0.000755182      0.055959555    0.000709826      0.064629843    0.000794481        -7.73%      6.57%
         104         106         0.046749090    0.000698521      0.043156797    0.000648585      0.049795528    0.000742435        -7.68%      6.52%
         106         108         0.036653647    0.000677185      0.033808055    0.000637794      0.039070344    0.000711931        -7.76%      6.59%
         108         110         0.031713683    0.000599775      0.029316835    0.000558484      0.033743272    0.000635619        -7.56%      6.40%
         110         112         0.025383694    0.000602472      0.023378393    0.000581029      0.027091504    0.000620624        -7.90%      6.73%
         112         114         0.023069439    0.000574046      0.021293427    0.000549659      0.024583371    0.000597147        -7.70%      6.56%
         114         116         0.020465724    0.000689104      0.018955538    0.000649823      0.021738196    0.000725637        -7.38%      6.22%
         116         118         0.016863667    0.000694974      0.015586280    0.000654022      0.017943758    0.000730849        -7.57%      6.40%
         118         120         0.016362758    0.000411801      0.015122398    0.000384375      0.017411442    0.000435752        -7.58%      6.41%
         120         122         0.013749475    0.000460598      0.012735979    0.000425174      0.014601614    0.000492035        -7.37%      6.20%
         122         124         0.013451056    0.000360148      0.012436524    0.000337184      0.014310165    0.000380294        -7.54%      6.39%
         124         126         0.012247418    0.000428218      0.011315736    0.000388799      0.013033569    0.000463641        -7.61%      6.42%
         126         128         0.010748400    0.000277605     0.0099841740    0.000255234      0.011390273    0.000297283        -7.11%      5.97%
         128         130         0.010051408    0.000233660     0.0093229745    0.000219230      0.010665802    0.000246486        -7.25%      6.11%
         130         132        0.0098800697    0.000370006     0.0091550113    0.000337637      0.010490718    0.000398898        -7.34%      6.18%
         132         134        0.0084113229    0.000291036     0.0078261646    0.000264622     0.0089002477    0.000314579        -6.96%      5.81%
         134         136        0.0085472230    0.000250600     0.0079342010    0.000231432     0.0090616085    0.000267646        -7.17%      6.02%
         136         138        0.0077416690    0.000271162     0.0072067307    0.000249487     0.0081878262    0.000290450        -6.91%      5.76%
         138         140        0.0073749434    0.000248618     0.0068349250    0.000227507     0.0078355051    0.000269359        -7.32%      6.24%
         140         142        0.0067200561    0.000220072     0.0062772618    0.000201430     0.0070811949    0.000239016        -6.59%      5.37%
         142         144        0.0063200119    0.000214952     0.0058815733    0.000205371     0.0066863490    0.000223957        -6.94%      5.80%
         144         146        0.0063358076    0.000217481     0.0059196362    0.000207232     0.0066809515    0.000227251        -6.57%      5.45%
         146         148        0.0055892760    0.000189561     0.0052149620    0.000176405     0.0059003275    0.000201239        -6.70%      5.57%
         148         150        0.0055979345    0.000179055     0.0052177470    0.000165826     0.0059160857    0.000190673        -6.79%      5.68%
         150         152        0.0054282077    0.000154498     0.0050749063    0.000144421     0.0057202779    0.000163264        -6.51%      5.38%
         152         154        0.0052273748    0.000195796     0.0048889614    0.000182059     0.0055072935    0.000207799        -6.47%      5.35%
         154         156        0.0048099955    0.000155387     0.0044971704    0.000143754     0.0050686415    0.000165669        -6.50%      5.38%
         156         158        0.0044518693    0.000192850     0.0041567664    0.000181586     0.0046951456    0.000202548        -6.63%      5.46%
         158         160        0.0042796407    0.000136655     0.0040180121    0.000127784     0.0044926422    0.000144478        -6.11%      4.98%
         160         162        0.0043950574    0.000135041     0.0041209333    0.000128297     0.0046205497    0.000140982        -6.24%      5.13%
         162         164        0.0041036317    0.000126049     0.0038633230    0.000119684     0.0042956049    0.000131664        -5.86%      4.68%
         164         166        0.0039782797    0.000242266     0.0037164139    0.000222717     0.0041958961    0.000259293        -6.58%      5.47%
         166         168        0.0035634596    0.000105091     0.0033395172    9.90518e-05     0.0037477230    0.000110401        -6.28%      5.17%
         168         170        0.0037125428    0.000175476     0.0034794227    0.000162192     0.0039070739    0.000189082        -6.28%      5.24%
         170         172        0.0033004430    0.000131869     0.0031115935    0.000128750     0.0034510932    0.000134504        -5.72%      4.56%
         172         174        0.0032638165    0.000133889     0.0030621023    0.000126052     0.0034309312    0.000140632        -6.18%      5.12%
         174         176        0.0032861899    0.000108250     0.0030963356    0.000103925     0.0034392817    0.000111902        -5.78%      4.66%
         176         178        0.0034631519    0.000157739     0.0032562691    0.000154019     0.0036327753    0.000160657        -5.97%      4.90%
         178         180        0.0029238337    9.28319e-05     0.0027610560    8.79714e-05     0.0030541434    9.69952e-05        -5.57%      4.46%
         180         182        0.0027494438    9.19868e-05     0.0025965123    8.74675e-05     0.0028713826    9.59890e-05        -5.56%      4.44%
         182         184        0.0027492433    9.87912e-05     0.0025808796    9.99599e-05     0.0028849947    9.83692e-05        -6.12%      4.94%
         184         186        0.0026699569    9.17431e-05     0.0025154134    8.64153e-05     0.0027956179    9.62830e-05        -5.79%      4.71%
         186         188        0.0023504919    0.000152512     0.0022143636    0.000148366     0.0024596817    0.000155606        -5.79%      4.65%
         188         190        0.0024559988    0.000120592     0.0023142975    0.000113796     0.0025713893    0.000126933        -5.77%      4.70%
         190         192        0.0023083450    8.76813e-05     0.0021782309    8.25371e-05     0.0024130705    9.20868e-05        -5.64%      4.54%
         192         194        0.0021856969    0.000112775     0.0020678367    0.000105802     0.0022786754    0.000118901        -5.39%      4.25%
         194         196        0.0024720693    0.000306332     0.0023291668    0.000282071     0.0025883073    0.000327118        -5.78%      4.70%
         196         198        0.0019027457    0.000280971     0.0018075286    0.000258940     0.0019780072    0.000299830        -5.00%      3.96%
         198         200        0.0020295148    7.74554e-05     0.0019255716    7.46889e-05     0.0021105498    7.98916e-05        -5.12%      3.99%
