#  left-edge  right-edge       scale-central  central-error        scale-min      min-error        scale-max      max-error      rel-down     rel-up
           0           5           2.4628228      0.0498871        2.0130280      0.0428011        2.9174621      0.0566558       -18.26%     18.46%
           5          10           2.8252759      0.0494546        2.3718112      0.0424995        3.2702709      0.0560717       -16.05%     15.75%
          10          15           2.2171678      0.0145567        1.9170334      0.0128774        2.5002962      0.0161268       -13.54%     12.77%
          15          20           2.2272833      0.0158009        1.9491046      0.0141015        2.4848979      0.0173441       -12.49%     11.57%
          20          25           2.3900892      0.0157852        2.1013737      0.0138730        2.6556543      0.0175549       -12.08%     11.11%
          25          30           2.4283250      0.0206487        2.1405368      0.0180353        2.6923025      0.0231146       -11.85%     10.87%
          30          35           2.4634961      0.0317695        2.1798519      0.0277681        2.7224892      0.0354884       -11.51%     10.51%
          35          40           2.3211909      0.0324476        2.0623485      0.0287687        2.5565899      0.0358114       -11.15%     10.14%
          40          45           1.8160122      0.0190404        1.6196038      0.0174318        1.9938304      0.0204641       -10.82%      9.79%
          45          50          0.76343102      0.0103837       0.69543813     0.00951603       0.82310678      0.0111503        -8.91%      7.82%
          50          55          0.46499943     0.00593094       0.42982203     0.00549738       0.49496866     0.00630562        -7.57%      6.45%
          55          60          0.31964047     0.00668942       0.29714767     0.00624595       0.33854448     0.00706430        -7.04%      5.91%
          60          65          0.24550212     0.00528373       0.22912526     0.00496282       0.25910578     0.00555185        -6.67%      5.54%
          65          70          0.19203600     0.00556947       0.18048253     0.00528763       0.20147857     0.00579752        -6.02%      4.92%
          70          75          0.15155217     0.00564427       0.14241905     0.00540153       0.15897794     0.00583116        -6.03%      4.90%
          75          80          0.10925955     0.00489706       0.10303347     0.00470183       0.11429203     0.00504313        -5.70%      4.61%
          80          85         0.085673750     0.00390781      0.081080625     0.00380897      0.089340877     0.00397230        -5.36%      4.28%
          85          90         0.077626111     0.00266136      0.073595288     0.00255068      0.080823960     0.00274523        -5.19%      4.12%
          90          95         0.056837578     0.00273626      0.054085136     0.00261587      0.058988045     0.00282832        -4.84%      3.78%
          95         100         0.048217187     0.00220240      0.045993552     0.00212613      0.049937316     0.00225731        -4.61%      3.57%
         100         105         0.038201783     0.00181568      0.036567883     0.00177342      0.039449863     0.00184569        -4.28%      3.27%
         105         110         0.031310984     0.00138876      0.030054587     0.00136481      0.032249229     0.00140304        -4.01%      3.00%
         110         115         0.025654648     0.00132742      0.024655782     0.00130331      0.026398727     0.00134183        -3.89%      2.90%
         115         120         0.022447750     0.00117426      0.021610307     0.00112783      0.023064299     0.00120932        -3.73%      2.75%
         120         125         0.019741998     0.00127713      0.019079146     0.00125333      0.020220484     0.00129078        -3.36%      2.42%
         125         130         0.015212578     0.00144257      0.014710474     0.00140790      0.015569466     0.00146505        -3.30%      2.35%
         130         135         0.015147558     0.00100895      0.014774761     0.00100760      0.015390881     0.00100558        -2.46%      1.61%
         135         140         0.011776767     0.00124555      0.011441539     0.00122074      0.012004832     0.00126058        -2.85%      1.94%
         140         145        0.0088607119    0.000687933     0.0086555272    0.000673141     0.0089924832    0.000697061        -2.32%      1.49%
         145         150        0.0091959640    0.000554747     0.0089839067    0.000547714     0.0093271005    0.000558971        -2.31%      1.43%
         150         155        0.0079783546    0.000561276     0.0078601068    0.000555611     0.0080361710    0.000563391        -1.48%      0.72%
         155         160        0.0058860510    0.000580519     0.0057609082    0.000570561     0.0059623020    0.000585924        -2.13%      1.30%
         160         165        0.0070247834    0.000768345     0.0068882053    0.000752142     0.0071027119    0.000777875        -1.94%      1.11%
         165         170        0.0045819305    0.000813298     0.0045192538    0.000789182     0.0046122813    0.000830178        -1.37%      0.66%
         170         175        0.0043351456    0.000368056     0.0042992336    0.000350426     0.0043409782    0.000384608        -0.83%      0.13%
         175         180        0.0045020931    0.000708402     0.0044784911    0.000698552     0.0045020931    0.000708402        -0.52%   0.00000%
         180         185        0.0021618073    0.000808925     0.0021287590    0.000819220     0.0021790353    0.000794912        -1.53%      0.80%
         185         190        0.0030809624    0.000433263     0.0030624036    0.000424446     0.0030809624    0.000433263        -0.60%   0.00000%
         190         195        0.0030801166    0.000323935     0.0030692154    0.000321076     0.0030801166    0.000323935        -0.35%   0.00000%
         195         200        0.0026518509    0.000480598     0.0026387124    0.000470834     0.0026518509    0.000480598        -0.50%   0.00000%
         200         205        0.0025260415    0.000554495     0.0025163212    0.000560864     0.0025260415    0.000554495        -0.38%   0.00000%
         205         210        0.0016839724    0.000556197     0.0016632079    0.000549210     0.0016923570    0.000559344        -1.23%      0.50%
         210         215        0.0011887994    0.000496641     0.0011665451    0.000502383     0.0012065940    0.000486930        -1.87%      1.50%
         215         220        0.0014662002    0.000298922     0.0014530752    0.000297924     0.0014729000    0.000298143        -0.90%      0.46%
         220         225        0.0013298261    0.000186334     0.0013169712    0.000196600     0.0013316498    0.000177623        -0.97%      0.14%
         225         230        0.0012372573    0.000180074     0.0012209432    0.000176676     0.0012483191    0.000183098        -1.32%      0.89%
         230         235        0.0013527540    0.000206127     0.0013227980    0.000200329     0.0013798009    0.000212192        -2.21%      2.00%
         235         240       0.00099612668    0.000210488    0.00097772294    0.000208454     0.0010111479    0.000211326        -1.85%      1.51%
         240         245        0.0011785712    0.000152055     0.0011651799    0.000150743     0.0011862332    0.000152616        -1.14%      0.65%
         245         250        0.0010340809    0.000140279     0.0010123249    0.000138395     0.0010526381    0.000141606        -2.10%      1.79%
         250         255        0.0010758010    0.000190442     0.0010586142    0.000187812     0.0010886330    0.000192256        -1.60%      1.19%
         255         260       0.00084107386    0.000156637    0.00082871501    0.000151679    0.00084940211    0.000161441        -1.47%      0.99%
         260         265       0.00064550949    0.000188759    0.00063406128    0.000184130    0.00065466844    0.000192848        -1.77%      1.42%
         265         270       0.00037636394    0.000309257    0.00037015849    0.000297568    0.00038168093    0.000320918        -1.65%      1.41%
         270         275       0.00036888137    0.000197266    0.00036015968    0.000193710    0.00037655401    0.000200312        -2.36%      2.08%
         275         280       0.00057893773    8.65838e-05    0.00056485816    8.44136e-05    0.00059141237    8.85755e-05        -2.43%      2.15%
         280         285       0.00055736379    0.000161637    0.00054465227    0.000157747    0.00056859042    0.000165043        -2.28%      2.01%
         285         290       0.00063786693    9.65614e-05    0.00062060672    9.43712e-05    0.00065391966    9.84864e-05        -2.71%      2.52%
         290         295       0.00028930600    0.000107097    0.00028240852    0.000104475    0.00029534230    0.000109483        -2.38%      2.09%
         295         300       0.00030399742    0.000303069    0.00028609639    0.000300753    0.00032334676    0.000303674        -5.89%      6.36%
         300         305       0.00058546615    0.000296622    0.00057410322    0.000290488    0.00059488480    0.000301923        -1.94%      1.61%
         305         310       0.00050861008    0.000369900    0.00048527015    0.000359279    0.00053295615    0.000380098        -4.59%      4.79%
         310         315       0.00022067961    0.000120620    0.00021546108    0.000116303    0.00022535961    0.000124963        -2.36%      2.12%
         315         320      -3.0908547e-05    0.000286616   -3.5287831e-05    0.000299625   -2.7030661e-05    0.000274034        14.17%    -12.55%
         320         325       0.00039425945    7.46000e-05    0.00037936112    7.13204e-05    0.00040915532    7.79818e-05        -3.78%      3.78%
         325         330       0.00025688094    4.89122e-05    0.00024763457    4.76485e-05    0.00026613598    5.00947e-05        -3.60%      3.60%
         330         335       0.00019094330    9.66915e-05    0.00018635678    9.32508e-05    0.00019501514    0.000100093        -2.40%      2.13%
         335         340       0.00025363296    7.25902e-05    0.00024466295    6.98483e-05    0.00026262575    7.53864e-05        -3.54%      3.55%
         340         345       0.00044198997    0.000127218    0.00041997746    0.000120308    0.00046554308    0.000134744        -4.98%      5.33%
         345         350      -0.00031620775    0.000435769   -0.00031681259    0.000441525   -0.00031345695    0.000428166         0.19%     -0.87%
         350         355       3.9804838e-05    0.000151137    3.4210699e-05    0.000145843    4.6673686e-05    0.000156257       -14.05%     17.26%
         355         360      -3.8700859e-05    0.000137945   -3.8700859e-05    0.000137945   -3.8330592e-05    0.000146092      0.00000%     -0.96%
         360         365       0.00022209900    3.20598e-05    0.00022198861    2.96225e-05    0.00022242202    3.60259e-05        -0.05%      0.15%
         365         370       0.00020653535    3.23212e-05    0.00019829429    3.10126e-05    0.00021493129    3.36605e-05        -3.99%      4.07%
         370         375       0.00023531586    3.00488e-05    0.00022596927    2.88385e-05    0.00024490708    3.13220e-05        -3.97%      4.08%
         375         380       0.00019838236    0.000124810    0.00018671148    0.000116898    0.00021125894    0.000133637        -5.88%      6.49%
         380         385      -8.5940035e-05    0.000127369   -9.1861852e-05    0.000136216   -8.0578402e-05    0.000119432         6.89%     -6.24%
         385         390       9.9325130e-05    5.70955e-05    9.4398036e-05    5.45153e-05    0.00010459723    5.97885e-05        -4.96%      5.31%
         390         395       0.00010314198    4.28684e-05    9.8229124e-05    4.08622e-05    0.00010832630    4.49608e-05        -4.76%      5.03%
         395         400       9.3820084e-05    2.75166e-05    8.8472076e-05    2.61643e-05    9.9709207e-05    2.89557e-05        -5.70%      6.28%
         400         405       0.00013098115    3.65279e-05    0.00012480335    3.47130e-05    0.00013749720    3.84435e-05        -4.72%      4.97%
         405         410       7.4128196e-05    2.34865e-05    7.0365932e-05    2.25508e-05    7.8180433e-05    2.44377e-05        -5.08%      5.47%
         410         415       9.2718397e-05    2.72544e-05    8.7868970e-05    2.61198e-05    9.7921859e-05    2.84235e-05        -5.23%      5.61%
         415         420       7.5122220e-05    3.47316e-05    7.1220103e-05    3.29430e-05    7.9355124e-05    3.66346e-05        -5.19%      5.63%
         420         425       9.8336423e-05    2.93965e-05    9.3622853e-05    2.77294e-05    0.00010332326    3.12275e-05        -4.79%      5.07%
         425         430       6.0901960e-05    2.36581e-05    6.0269347e-05    2.18123e-05    6.1505704e-05    2.58957e-05        -1.04%      0.99%
         430         435       0.00013897261    3.25874e-05    0.00013150769    3.10084e-05    0.00014714042    3.42930e-05        -5.37%      5.88%
         435         440       9.0752657e-05    1.66386e-05    8.5739503e-05    1.57640e-05    9.6218295e-05    1.75930e-05        -5.52%      6.02%
         440         445       0.00023233087    0.000115154    0.00022295247    0.000111414    0.00024196440    0.000118824        -4.04%      4.15%
         445         450       3.9401863e-05    2.59824e-05    3.6502041e-05    2.49937e-05    4.2674562e-05    2.69960e-05        -7.36%      8.31%
         450         455       6.2047393e-05    1.72357e-05    5.8667727e-05    1.61129e-05    6.5774216e-05    1.85043e-05        -5.45%      6.01%
         455         460       0.00010263236    6.37981e-05    9.6909388e-05    5.97768e-05    0.00010883588    6.82278e-05        -5.58%      6.04%
         460         465      -6.1649999e-05    6.21257e-05   -6.4397780e-05    6.58882e-05   -5.8971458e-05    5.86951e-05         4.46%     -4.34%
         465         470       7.4215585e-05    1.94807e-05    6.9442343e-05    1.79200e-05    7.9672474e-05    2.13598e-05        -6.43%      7.35%
         470         475       6.3471677e-05    2.02094e-05    6.0029296e-05    1.87702e-05    6.7140228e-05    2.18918e-05        -5.42%      5.78%
         475         480       2.3274822e-05    2.11994e-05    2.1784826e-05    2.00676e-05    2.4938026e-05    2.24210e-05        -6.40%      7.15%
         480         485       5.1398948e-05    3.05360e-05    4.8472083e-05    2.82718e-05    5.4590902e-05    3.31086e-05        -5.69%      6.21%
         485         490       4.4845934e-05    9.17184e-06    4.2191962e-05    8.62148e-06    4.7770256e-05    9.78161e-06        -5.92%      6.52%
         490         495       3.3913703e-05    8.74882e-06    3.1893565e-05    8.17506e-06    3.6172287e-05    9.39271e-06        -5.96%      6.66%
         495         500       5.2981698e-05    1.78622e-05    4.9644490e-05    1.67843e-05    5.6720884e-05    1.90594e-05        -6.30%      7.06%
         500         505       3.3358420e-05    9.66706e-06    3.1222942e-05    9.10028e-06    3.5746011e-05    1.02872e-05        -6.40%      7.16%
         505         510       6.5158989e-05    2.91487e-05    6.1996929e-05    2.82065e-05    6.8545614e-05    3.00615e-05        -4.85%      5.20%
         510         515       5.0435645e-05    9.40427e-06    4.7164690e-05    8.79911e-06    5.4114021e-05    1.00887e-05        -6.49%      7.29%
         515         520       0.00021651164    0.000147060    0.00020713119    0.000141760    0.00022624416    0.000152308        -4.33%      4.50%
         520         525      -3.1271217e-06    3.48555e-05   -3.4360010e-06    3.33886e-05   -2.6867358e-06    3.63640e-05         9.88%    -14.08%
         525         530      -8.9089343e-05    9.85577e-05   -9.6646528e-05    0.000105426   -8.2545673e-05    9.24096e-05         8.48%     -7.35%
         530         535       1.9542450e-05    1.03225e-05    1.8362026e-05    9.69404e-06    2.0861146e-05    1.10217e-05        -6.04%      6.75%
         535         540       5.0624422e-05    2.99945e-05    4.7632081e-05    2.87020e-05    5.3933716e-05    3.13425e-05        -5.91%      6.54%
         540         545       2.7559719e-05    8.42930e-06    2.5628340e-05    7.83846e-06    2.9741826e-05    9.09650e-06        -7.01%      7.92%
         545         550        0.0010438554     0.00101490    0.00097937646    0.000952190     0.0011150506     0.00108407        -6.18%      6.82%
         550         555       5.2209752e-05    2.92149e-05    4.8968051e-05    2.73393e-05    5.5785231e-05    3.12854e-05        -6.21%      6.85%
         555         560       2.9001714e-05    1.17834e-05    2.6701116e-05    1.08256e-05    3.1654824e-05    1.28858e-05        -7.93%      9.15%
         560         565       5.0911239e-05    2.20633e-05    4.7060618e-05    2.03098e-05    5.5337065e-05    2.40854e-05        -7.56%      8.69%
         565         570      -3.1438269e-05    5.58714e-05   -3.4432170e-05    6.07687e-05   -2.8856930e-05    5.16112e-05         9.52%     -8.21%
         570         575       1.2770687e-05    3.27210e-06    1.1896764e-05    3.06343e-06    1.3756907e-05    3.50550e-06        -6.84%      7.72%
         575         580       2.0611215e-05    6.27418e-06    1.8924975e-05    5.73974e-06    2.2571620e-05    6.89941e-06        -8.18%      9.51%
         580         585       1.2163045e-05    4.38334e-06    1.1263654e-05    4.07616e-06    1.3192380e-05    4.73533e-06        -7.39%      8.46%
         585         590       9.5836149e-06    7.26018e-06    8.8731749e-06    6.68378e-06    1.0416191e-05    7.94040e-06        -7.41%      8.69%
         590         595       4.6313553e-06    1.69222e-06    4.2664270e-06    1.55737e-06    5.0554934e-06    1.84981e-06        -7.88%      9.16%
         595         600      -4.4787675e-05    4.75013e-05   -4.7435809e-05    5.04662e-05   -4.2339900e-05    4.47846e-05         5.91%     -5.47%
         600         605       1.7696574e-05    5.51833e-06    1.6351766e-05    5.08243e-06    1.9241866e-05    6.02417e-06        -7.60%      8.73%
         605         610       2.2369253e-05    1.11706e-05    2.0839401e-05    1.05388e-05    2.4105825e-05    1.18636e-05        -6.84%      7.76%
         610         615       1.7894839e-05    4.78536e-06    1.6540286e-05    4.43724e-06    1.9454373e-05    5.18602e-06        -7.57%      8.71%
         615         620       1.6943727e-05    4.87169e-06    1.5545139e-05    4.47600e-06    1.8570398e-05    5.33047e-06        -8.25%      9.60%
         620         625       6.5671443e-05    4.89690e-05    6.1640075e-05    4.59446e-05    7.0094339e-05    5.22848e-05        -6.14%      6.73%
         625         630       2.1256208e-05    1.53268e-05    1.9940632e-05    1.41746e-05    2.2704613e-05    1.66539e-05        -6.19%      6.81%
         630         635       1.6881230e-05    7.65948e-06    1.5159288e-05    6.71768e-06    1.8991807e-05    8.86756e-06       -10.20%     12.50%
         635         640       1.4899423e-05    7.51220e-06    1.3512593e-05    6.86807e-06    1.6550537e-05    8.26369e-06        -9.31%     11.08%
         640         645       1.9278519e-07    7.68440e-06    5.6131094e-08    7.17003e-06    3.6785627e-07    8.26428e-06       -70.88%     90.81%
         645         650       8.7273606e-05    7.18409e-05    8.1633718e-05    6.74885e-05    9.3599402e-05    7.66654e-05        -6.46%      7.25%
         650         655      -3.5607067e-05    3.62189e-05   -3.8211338e-05    3.89514e-05   -3.3249177e-05    3.37606e-05         7.31%     -6.62%
         655         660       1.6460504e-05    5.97312e-06    1.5125875e-05    5.50425e-06    1.7999760e-05    6.51481e-06        -8.11%      9.35%
         660         665       4.1426589e-06    1.68169e-06    3.8462287e-06    1.56613e-06    4.4799204e-06    1.81220e-06        -7.16%      8.14%
         665         670       1.3947691e-05    7.27746e-06    1.2820675e-05    6.66505e-06    1.5248164e-05    7.99046e-06        -8.08%      9.32%
         670         675       1.6354469e-05    8.95551e-06    1.5064341e-05    8.26495e-06    1.7847331e-05    9.75026e-06        -7.89%      9.13%
         675         680       7.6482181e-06    2.15210e-06    6.9721897e-06    1.97130e-06    8.4462731e-06    2.36417e-06        -8.84%     10.43%
         680         685       3.8178729e-06    1.88016e-06    3.4767941e-06    1.71356e-06    4.2226969e-06    2.07698e-06        -8.93%     10.60%
         685         690       1.0620827e-05    5.84604e-06    9.7622436e-06    5.35166e-06    1.1620711e-05    6.42403e-06        -8.08%      9.41%
         690         695       7.6350622e-06    3.43113e-06    7.0126928e-06    3.17806e-06    8.3587305e-06    3.72320e-06        -8.15%      9.48%
         695         700       1.7506538e-05    6.04980e-06    1.5996824e-05    5.56205e-06    1.9280221e-05    6.61773e-06        -8.62%     10.13%
         700         705       7.7840847e-06    2.19928e-06    7.0948891e-06    2.00927e-06    8.5984863e-06    2.42306e-06        -8.85%     10.46%
         705         710       8.5125328e-06    4.76021e-06    7.7015045e-06    4.33075e-06    9.4894754e-06    5.27207e-06        -9.53%     11.48%
         710         715       4.6313576e-06    1.84655e-06    4.2024519e-06    1.69054e-06    5.1391992e-06    2.02934e-06        -9.26%     10.97%
         715         720       1.2264641e-05    8.99433e-06    1.1274845e-05    8.27952e-06    1.3412728e-05    9.82287e-06        -8.07%      9.36%
         720         725       2.2948448e-06    1.37471e-06    2.0917772e-06    1.25834e-06    2.5347019e-06    1.51127e-06        -8.85%     10.45%
         725         730       5.2027767e-06    2.22376e-06    4.7143468e-06    2.03106e-06    5.7863073e-06    2.45358e-06        -9.39%     11.22%
         730         735       8.8874530e-06    4.37803e-06    7.9342379e-06    3.92762e-06    1.0048765e-05    4.92534e-06       -10.73%     13.07%
         735         740       1.2070428e-05    4.05606e-06    1.0936775e-05    3.66419e-06    1.3418494e-05    4.52519e-06        -9.39%     11.17%
         740         745       4.4097984e-06    2.75452e-06    3.9668821e-06    2.47603e-06    4.9429904e-06    3.08894e-06       -10.04%     12.09%
         745         750       4.7741148e-06    3.06357e-06    4.3355568e-06    2.83052e-06    5.2984347e-06    3.33134e-06        -9.19%     10.98%
         750         755       7.1813223e-06    3.57686e-06    6.5961188e-06    3.28528e-06    7.8587986e-06    3.91433e-06        -8.15%      9.43%
         755         760       3.4447841e-06    2.18879e-06    3.1715403e-06    2.01700e-06    3.7638870e-06    2.38768e-06        -7.93%      9.26%
         760         765       1.9262422e-06    8.49289e-07    1.7674016e-06    7.69408e-07    2.1051786e-06    9.46643e-07        -8.25%      9.29%
         765         770       1.0262309e-06    1.83099e-06    9.5595553e-07    1.60571e-06    1.1040125e-06    2.11414e-06        -6.85%      7.58%
         770         775      -7.2212558e-07    3.18936e-06   -7.6427432e-07    3.55285e-06   -6.8106253e-07    2.88254e-06         5.84%     -5.69%
         775         780       6.0221665e-06    2.35181e-06    5.4446324e-06    2.13920e-06    6.7106239e-06    2.60194e-06        -9.59%     11.43%
         780         785       1.5745233e-06    5.95636e-07    1.4167717e-06    5.32996e-07    1.7662511e-06    6.72693e-07       -10.02%     12.18%
         785         790       1.7926115e-06    9.53176e-07    1.6032796e-06    8.48620e-07    2.0249586e-06    1.08256e-06       -10.56%     12.96%
         790         795       5.6208933e-06    2.41699e-06    4.9627647e-06    2.15999e-06    6.4126884e-06    2.73453e-06       -11.71%     14.09%
         795         800       3.1198038e-06    2.29826e-06    2.9678498e-06    2.03901e-06    3.2940716e-06    2.62555e-06        -4.87%      5.59%
         800         805       6.3059322e-06    3.12426e-06    5.6701650e-06    2.81616e-06    7.0710476e-06    3.49419e-06       -10.08%     12.13%
         805         810      -7.5156594e-07    1.48468e-06   -7.5521748e-07    1.57802e-06   -7.4111939e-07    1.40028e-06         0.49%     -1.39%
         810         815       2.4399209e-07    1.39897e-07    2.2366964e-07    1.25403e-07    2.6712570e-07    1.57728e-07        -8.33%      9.48%
         815         820       3.1697899e-06    1.38274e-06    2.8246481e-06    1.23140e-06    3.5908336e-06    1.56724e-06       -10.89%     13.28%
         820         825       1.2450116e-06    2.52009e-06    1.1500467e-06    2.32405e-06    1.3574420e-06    2.74587e-06        -7.63%      9.03%
         825         830       2.7642715e-07    1.49772e-07    2.4346828e-07    1.34421e-07    3.1768294e-07    1.68407e-07       -11.92%     14.92%
         830         835       1.6101780e-06    6.57644e-07    1.4249195e-06    5.87563e-07    1.8382420e-06    7.43736e-07       -11.51%     14.16%
         835         840       2.0148861e-06    9.68315e-07    1.8104081e-06    8.78225e-07    2.2608990e-06    1.07545e-06       -10.15%     12.21%
         840         845       1.9373250e-06    9.01216e-07    1.7591337e-06    8.30172e-07    2.1495543e-06    9.83716e-07        -9.20%     10.95%
         845         850       1.1778683e-06    6.81218e-07    1.0318641e-06    6.04206e-07    1.3596421e-06    7.75724e-07       -12.40%     15.43%
         850         855       1.4169199e-05    1.32091e-05    1.2903363e-05    1.20548e-05    1.5659314e-05    1.45612e-05        -8.93%     10.52%
         855         860       3.9370239e-06    2.83433e-06    3.6261019e-06    2.59397e-06    4.2980556e-06    3.11588e-06        -7.90%      9.17%
         860         865      -9.5551556e-08    8.06765e-07   -1.1081453e-07    7.29246e-07   -7.3787249e-08    8.99320e-07        15.97%    -22.78%
         865         870       1.5025743e-06    6.48231e-07    1.3529367e-06    5.88681e-07    1.6829923e-06    7.19360e-07        -9.96%     12.01%
         870         875       3.7593570e-06    1.77408e-06    3.3386129e-06    1.56374e-06    4.2731102e-06    2.03286e-06       -11.19%     13.67%
         875         880       1.6098252e-06    2.01881e-06    1.4376194e-06    1.82158e-06    1.8189194e-06    2.25386e-06       -10.70%     12.99%
         880         885       1.0682506e-06    7.58231e-07    9.4462272e-07    6.69307e-07    1.2209685e-06    8.68282e-07       -11.57%     14.30%
         885         890       6.0014261e-06    4.15367e-06    5.4443410e-06    3.80066e-06    6.6620110e-06    4.56695e-06        -9.28%     11.01%
         890         895       1.7798958e-07    1.32574e-07    1.6115152e-07    1.14996e-07    1.9940845e-07    1.56699e-07        -9.46%     12.03%
         895         900       3.9644808e-07    2.38680e-07    3.6524796e-07    2.08230e-07    4.3304259e-07    2.77478e-07        -7.87%      9.23%
         900         905       2.1885287e-05    1.92227e-05    1.9884067e-05    1.74653e-05    2.4251869e-05    2.13017e-05        -9.14%     10.81%
         905         910       2.8908608e-06    1.33860e-06    2.5686598e-06    1.19354e-06    3.2854525e-06    1.51548e-06       -11.15%     13.65%
         910         915       1.2524013e-06    6.29416e-07    1.1419506e-06    5.77715e-07    1.3827908e-06    6.89534e-07        -8.82%     10.41%
         915         920       1.0884375e-06    8.26181e-07    9.7700171e-07    7.41042e-07    1.2225651e-06    9.28657e-07       -10.24%     12.32%
         920         925       1.1852370e-08    5.46099e-07   -4.2005057e-09    4.99733e-07    3.5807709e-08    6.00823e-07      -135.44%    202.11%
         925         930       1.9250759e-06    1.30562e-06    1.7123820e-06    1.16207e-06    2.1846361e-06    1.48074e-06       -11.05%     13.48%
         930         935       9.6403951e-07    1.29848e-06    9.2036007e-07    1.15347e-06    1.0049681e-06    1.47853e-06        -4.53%      4.25%
         935         940       2.6602752e-07    2.95578e-07    2.3186061e-07    2.68362e-07    3.0913562e-07    3.28070e-07       -12.84%     16.20%
         940         945       1.5725056e-06    1.13271e-06    1.3996385e-06    9.97354e-07    1.7840931e-06    1.30220e-06       -10.99%     13.46%
         945         950       8.0632744e-07    6.07161e-07    7.3629416e-07    5.59137e-07    8.8885937e-07    6.62787e-07        -8.69%     10.24%
         950         955       3.7870963e-06    3.42419e-06    3.4444947e-06    3.12008e-06    4.1934138e-06    3.78275e-06        -9.05%     10.73%
         955         960       2.6018892e-06    1.65236e-06    2.2929385e-06    1.46440e-06    2.9843477e-06    1.88394e-06       -11.87%     14.70%
         960         965       8.6306801e-07    5.20369e-07    7.6334283e-07    4.59044e-07    9.8568528e-07    5.95787e-07       -11.55%     14.21%
         965         970       6.3472905e-07    5.00126e-07    5.5670263e-07    4.38229e-07    7.3283095e-07    5.77214e-07       -12.29%     15.46%
         970         975       1.0580560e-06    8.26947e-07    9.4073896e-07    7.38711e-07    1.2012351e-06    9.33992e-07       -11.09%     13.53%
         975         980       1.1108490e-06    4.80468e-07    9.7353852e-07    4.16096e-07    1.2829010e-06    5.62624e-07       -12.36%     15.49%
         980         985       2.0622046e-08    7.61807e-08    2.0326551e-08    8.89386e-08    2.0622046e-08    7.61807e-08        -1.43%   0.00000%
         985         990       2.2261820e-06    1.48774e-06    1.9572848e-06    1.31126e-06    2.5586063e-06    1.70488e-06       -12.08%     14.93%
         990         995       6.0330971e-07    3.61459e-07    5.3512953e-07    3.18157e-07    6.8800218e-07    4.15705e-07       -11.30%     14.04%
         995        1000       3.0136081e-07    1.71896e-07    2.6909168e-07    1.54296e-07    3.4054762e-07    1.93083e-07       -10.71%     13.00%
