#  left-edge  right-edge       scale-central  central-error        scale-min      min-error        scale-max      max-error      rel-down     rel-up
           0          10           2.9725620      0.0229114        2.8574849      0.0276730        3.0398908      0.0220490        -3.87%      2.27%
          10          20           3.7168094      0.0272843        3.5459330      0.0225944        3.8246334      0.0304562        -4.60%      2.90%
          20          30           1.8904755      0.0335155        1.7804014      0.0289504        1.9510697      0.0347462        -5.82%      3.21%
          30          40           1.3839488      0.0195979        1.2978201      0.0171449        1.4416152      0.0218919        -6.22%      4.17%
          40          50           1.5112090      0.0253469        1.4198059      0.0225090        1.5765516      0.0279341        -6.05%      4.32%
          50          60           2.4977965      0.0290029        2.3576928      0.0258172        2.5974580      0.0319043        -5.61%      3.99%
          60          70           3.5575924      0.0367326        3.3933122      0.0321250        3.6619136      0.0410206        -4.62%      2.93%
          70          80           3.8437434      0.0200362        3.7012356      0.0178113        3.9197294      0.0221440        -3.71%      1.98%
          80          90           2.9812207      0.0344694        2.8805793      0.0317682        3.0369696      0.0346355        -3.38%      1.87%
          90         100           2.5163229      0.0372121        2.4613931      0.0368283        2.5844605      0.0377347        -2.18%      2.71%
         100         110          0.44947718     0.00805354       0.43697239     0.00749547       0.45984480     0.00823938        -2.78%      2.31%
         110         120          0.34660200     0.00968921       0.33727643     0.00905217       0.35565987     0.00981819        -2.69%      2.61%
         120         130          0.32082081     0.00552937       0.31263958     0.00530455       0.32984033     0.00575165        -2.55%      2.81%
         130         140          0.26659857     0.00667935       0.26051402     0.00631077       0.27402909     0.00681735        -2.28%      2.79%
         140         150          0.24262282     0.00542946       0.23697262     0.00529520       0.24963162     0.00560926        -2.33%      2.89%
         150         160          0.18813340     0.00556155       0.18355666     0.00550486       0.19381063     0.00563875        -2.43%      3.02%
         160         170          0.17733437     0.00532907       0.17328485     0.00519170       0.18235761     0.00551282        -2.28%      2.83%
         170         180          0.14776064     0.00843680       0.14384070     0.00841180       0.15262312     0.00847115        -2.65%      3.29%
         180         190          0.14185252      0.0102131       0.13705962     0.00930858       0.14779788      0.0113422        -3.38%      4.19%
         190         200          0.10773996     0.00725175       0.10470930     0.00722073       0.11149933     0.00729430        -2.81%      3.49%
         200         210          0.10510218     0.00814277       0.10227427     0.00809681       0.10861007     0.00820571        -2.69%      3.34%
         210         220         0.093058315     0.00462815      0.090491366     0.00457509      0.096242485     0.00470030        -2.76%      3.42%
         220         230         0.078270656     0.00308845      0.076063914     0.00306009      0.081008008     0.00312711        -2.82%      3.50%
         230         240         0.073416397     0.00243228      0.071003411     0.00232194      0.076409586     0.00257664        -3.29%      4.08%
         240         250         0.056377295     0.00295942      0.054678364     0.00291138      0.058520136     0.00295741        -3.01%      3.80%
         250         260         0.047278630     0.00211935      0.045751424     0.00207788      0.049274294     0.00215053        -3.23%      4.22%
         260         270         0.051835273     0.00165785      0.050370521     0.00161008      0.053652223     0.00172152        -2.83%      3.51%
         270         280         0.051952776     0.00585636      0.050510427     0.00572071      0.053772251     0.00597003        -2.78%      3.50%
         280         290         0.044766082     0.00416611      0.043561089     0.00413500      0.046262238     0.00410948        -2.69%      3.34%
         290         300         0.027937204     0.00414529      0.026681897     0.00418019      0.029614231     0.00408290        -4.49%      6.00%
         300         310         0.025764969     0.00564361      0.024744789     0.00563470      0.027137219     0.00577310        -3.96%      5.33%
         310         320         0.035838512     0.00491424      0.034949643     0.00490488      0.036941111     0.00492712        -2.48%      3.08%
         320         330         0.020907531     0.00386617      0.019975152     0.00391148      0.022169875     0.00379736        -4.46%      6.04%
         330         340         0.010082924     0.00746937     0.0092533896     0.00750503      0.011296716     0.00737802        -8.23%     12.04%
         340         350         0.017853444     0.00116214      0.017118625     0.00110128      0.018909325     0.00124263        -4.12%      5.91%
         350         360         0.016982782    0.000981919      0.016438626    0.000959153      0.017700503     0.00101742        -3.20%      4.23%
         360         370         0.016232033     0.00336121      0.015471055     0.00340207      0.017222117     0.00329610        -4.69%      6.10%
         370         380         0.013471203     0.00106734      0.013002438     0.00102429      0.014105471     0.00112327        -3.48%      4.71%
         380         390         0.011776494     0.00117069      0.011386556     0.00115925      0.012341582     0.00118540        -3.31%      4.80%
         390         400         0.014082373     0.00109039      0.013454460     0.00105252      0.014893110     0.00113916        -4.46%      5.76%
         400         410         0.010409323    0.000992622     0.0099273884    0.000939422      0.011031760     0.00106450        -4.63%      5.98%
         410         420         0.010667796    0.000952027      0.010270015    0.000904337      0.011232642     0.00101270        -3.73%      5.29%
         420         430         0.010234930     0.00101858     0.0098406877    0.000953214      0.010723968     0.00110235        -3.85%      4.78%
         430         440        0.0080000470    0.000601945     0.0077942461    0.000577483     0.0082553326    0.000634120        -2.57%      3.19%
         440         450        0.0096926799    0.000951660     0.0090652066    0.000839817      0.010501879     0.00109270        -6.47%      8.35%
         450         460        0.0087954690    0.000900380     0.0084681140    0.000884244     0.0092293969    0.000920111        -3.72%      4.93%
         460         470        0.0054510671    0.000900259     0.0051662674    0.000865995     0.0058456513    0.000942638        -5.22%      7.24%
         470         480        0.0093654548     0.00202308     0.0090178634     0.00196891     0.0097887938     0.00207721        -3.71%      4.52%
         480         490         0.013879217     0.00513694      0.013554025     0.00507047      0.014255598     0.00517744        -2.34%      2.71%
         490         500       -0.0048995201     0.00547335    -0.0051178849     0.00547094    -0.0045582252     0.00552573         4.46%     -6.97%
         500         510        0.0054298014    0.000730217     0.0052086361    0.000690833     0.0057163281    0.000777623        -4.07%      5.28%
         510         520        0.0029803300    0.000928082     0.0027938899    0.000895246     0.0032498957    0.000965572        -6.26%      9.04%
         520         530        0.0040128346    0.000528524     0.0037707283    0.000490929     0.0043392637    0.000578845        -6.03%      8.13%
         530         540        0.0041274075    0.000503826     0.0039597387    0.000485850     0.0043412683    0.000524598        -4.06%      5.18%
         540         550        0.0034255478    0.000493428     0.0032759143    0.000460245     0.0036208282    0.000534069        -4.37%      5.70%
         550         560        0.0046789262    0.000477590     0.0044689621    0.000446190     0.0049525296    0.000517188        -4.49%      5.85%
         560         570        0.0022799783    0.000475565     0.0021162338    0.000448515     0.0024997379    0.000508781        -7.18%      9.64%
         570         580        0.0040630589    0.000696787     0.0038058175    0.000624306     0.0043908442    0.000787781        -6.33%      8.07%
         580         590        0.0037913812    0.000744175     0.0036191560    0.000704523     0.0040076930    0.000789393        -4.54%      5.71%
         590         600        0.0020166660    0.000414457     0.0018739887    0.000380330     0.0022030295    0.000459905        -7.07%      9.24%
         600         610        0.0033424463    0.000498905     0.0032010851    0.000425855     0.0035531866    0.000588832        -4.23%      6.30%
         610         620        0.0022660695    0.000260086     0.0021250047    0.000245018     0.0024595921    0.000279673        -6.23%      8.54%
         620         630        0.0033795238    0.000756248     0.0032275626    0.000725934     0.0035627659    0.000788117        -4.50%      5.42%
         630         640        0.0018216949    0.000325572     0.0017265970    0.000312359     0.0019478069    0.000341064        -5.22%      6.92%
         640         650        0.0023905411    0.000542188     0.0022546854    0.000500446     0.0025685886    0.000592695        -5.68%      7.45%
         650         660        0.0010677156    0.000341278     0.0010017616    0.000323236     0.0011604043    0.000363351        -6.18%      8.68%
         660         670        0.0015702725    0.000220198     0.0015275011    0.000198062     0.0016298879    0.000250988        -2.72%      3.80%
         670         680        0.0040874164     0.00289327     0.0040503714     0.00282499     0.0041180821     0.00295213        -0.91%      0.75%
         680         690        0.0020567512    0.000409160     0.0019309981    0.000382090     0.0022091700    0.000441701        -6.11%      7.41%
         690         700        0.0011089504    0.000252321     0.0010369851    0.000234553     0.0012030642    0.000274391        -6.49%      8.49%
         700         710       0.00063137890    0.000191326    0.00060295851    0.000207363    0.00066435454    0.000177217        -4.50%      5.22%
         710         720       0.00095381025    0.000199882    0.00094674914    0.000215925    0.00098161418    0.000186931        -0.74%      2.92%
         720         730        0.0014665511    0.000252524     0.0013191460    0.000220819     0.0016666761    0.000296145       -10.05%     13.65%
         730         740        0.0014394038    0.000225111     0.0013229240    0.000189869     0.0015775913    0.000274035        -8.09%      9.60%
         740         750        0.0012588148    0.000174242     0.0012138117    0.000159935     0.0013235144    0.000195772        -3.58%      5.14%
         750         760        0.0025578764     0.00134745     0.0024168170     0.00125475     0.0027116876     0.00144921        -5.51%      6.01%
         760         770       -0.0012115586     0.00136970    -0.0013083665     0.00147049    -0.0011202626     0.00127745         7.99%     -7.54%
         770         780       0.00072762338    0.000166737    0.00066997645    0.000156464    0.00080298722    0.000179438        -7.92%     10.36%
         780         790       0.00041346309    0.000286070    0.00038829098    0.000284323    0.00044468783    0.000288460        -6.09%      7.55%
         790         800       0.00092912927    0.000277810    0.00080819312    0.000212249     0.0010966501    0.000372881       -13.02%     18.03%
         800         810        0.0012099162    0.000246828     0.0011624096    0.000235347     0.0012669059    0.000260746        -3.93%      4.71%
         810         820      -0.00059038246    0.000790133   -0.00065479780    0.000850233   -0.00052825218    0.000736890        10.91%    -10.52%
         820         830        0.0011396612    0.000203636     0.0010594555    0.000180944     0.0012368858    0.000233104        -7.04%      8.53%
         830         840       0.00036700333    6.98146e-05    0.00036229110    6.52720e-05    0.00037281509    7.46874e-05        -1.28%      1.58%
         840         850       0.00066598446    0.000114853    0.00062250683    0.000100522    0.00072017182    0.000134155        -6.53%      8.14%
         850         860       0.00054283193    5.75577e-05    0.00049497080    5.11550e-05    0.00060473094    6.64835e-05        -8.82%     11.40%
         860         870        0.0010045840    0.000376480    0.00088979626    0.000334369     0.0011487757    0.000428632       -11.43%     14.35%
         870         880       0.00052366960    7.40267e-05    0.00049685635    6.90197e-05    0.00055984795    8.07350e-05        -5.12%      6.91%
         880         890       0.00053570220    0.000122775    0.00050064461    9.18697e-05    0.00058664418    0.000167211        -6.54%      9.51%
         890         900      -8.4714448e-05    0.000182062   -0.00025722249    0.000252345    5.1060807e-05    0.000133680       203.63%   -160.27%
         900         910       0.00069307931    0.000192833    0.00065442307    0.000182951    0.00074262156    0.000204433        -5.58%      7.15%
         910         920       5.5067781e-05    0.000206824    4.4964352e-05    0.000197010    6.8678169e-05    0.000217730       -18.35%     24.72%
         920         930       0.00045952333    0.000221181    0.00041107982    0.000195507    0.00052458446    0.000255213       -10.54%     14.16%
         930         940       0.00040649790    0.000108783    0.00037790786    9.73758e-05    0.00044314882    0.000123580        -7.03%      9.02%
         940         950       0.00043861680    8.59716e-05    0.00041672871    8.12143e-05    0.00046386565    9.16158e-05        -4.99%      5.76%
         950         960       0.00019736368    5.62848e-05    0.00016595296    7.63880e-05    0.00022477209    4.40360e-05       -15.92%     13.89%
         960         970       0.00029296960    0.000233586    0.00027760778    0.000222257    0.00031164096    0.000246451        -5.24%      6.37%
         970         980       0.00034853500    7.05067e-05    0.00034463557    6.64325e-05    0.00035415478    5.90822e-05        -1.12%      1.61%
         980         990       0.00026138100    5.11167e-05    0.00023941728    4.60349e-05    0.00029085100    5.82100e-05        -8.40%     11.27%
         990        1000       0.00034679096    8.08405e-05    0.00031444106    6.92286e-05    0.00038808026    9.69800e-05        -9.33%     11.91%
