#  left-edge  right-edge       scale-central  central-error        scale-min      min-error        scale-max      max-error      rel-down     rel-up
           0          10          0.70124643     0.00267054       0.56233875     0.00213386       0.84396449     0.00323222       -19.81%     20.35%
          10          20           1.2519626     0.00164418        1.0238774     0.00134366        1.4811334     0.00194939       -18.22%     18.30%
          20          30          0.70322059     0.00112971       0.59054395    0.000947232       0.81306287     0.00130988       -16.02%     15.62%
          30          40          0.50076363    0.000922050       0.43019473    0.000791518       0.56764507     0.00104761       -14.09%     13.36%
          40          50          0.55763918    0.000946200       0.48572405    0.000825579       0.62446276     0.00105991       -12.90%     11.98%
          50          60          0.98812864     0.00122015       0.86497561     0.00106998        1.1016558     0.00136055       -12.46%     11.49%
          60          70           1.6827940     0.00165996        1.4747755     0.00145764        1.8741960     0.00184887       -12.36%     11.37%
          70          80           2.0719070     0.00191095        1.8175482     0.00167844        2.3056522     0.00212768       -12.28%     11.28%
          80          90           1.4590378     0.00140186        1.2911011     0.00124565        1.6118897     0.00154645       -11.51%     10.48%
          90         100           1.3852778     0.00192862        1.2510615     0.00175165        1.5040505     0.00208867        -9.69%      8.57%
         100         110          0.20027731    0.000691537       0.18321509    0.000629771       0.21500791    0.000746390        -8.52%      7.36%
         110         120          0.15310096    0.000596739       0.14111761    0.000549657       0.16328098    0.000637652        -7.83%      6.65%
         120         130          0.12994084    0.000518866       0.12032438    0.000476382       0.13802254    0.000556288        -7.40%      6.22%
         130         140          0.11243668    0.000466714       0.10454731    0.000432650       0.11900044    0.000495940        -7.02%      5.84%
         140         150         0.097543057    0.000426319      0.091038593    0.000398157       0.10290276    0.000450163        -6.67%      5.49%
         150         160         0.084281501    0.000397579      0.078898471    0.000370966      0.088679399    0.000420046        -6.39%      5.22%
         160         170         0.073844163    0.000373678      0.069349417    0.000350424      0.077482485    0.000393011        -6.09%      4.93%
         170         180         0.063511880    0.000339906      0.059825994    0.000321341      0.066468954    0.000355407        -5.80%      4.66%
         180         190         0.055621201    0.000314780      0.052527574    0.000296860      0.058081049    0.000329528        -5.56%      4.42%
         190         200         0.048531117    0.000296598      0.045962029    0.000280273      0.050552734    0.000309916        -5.29%      4.17%
         200         210         0.042462928    0.000278508      0.040322580    0.000263977      0.044129980    0.000290238        -5.04%      3.93%
         210         220         0.037476841    0.000264980      0.035678024    0.000251537      0.038862708    0.000275797        -4.80%      3.70%
         220         230         0.032677281    0.000253813      0.031191977    0.000241901      0.033807873    0.000263237        -4.55%      3.46%
         230         240         0.028584461    0.000236894      0.027360966    0.000226523      0.029502357    0.000244949        -4.28%      3.21%
         240         250         0.025341235    0.000231339      0.024310322    0.000221412      0.026105411    0.000239057        -4.07%      3.02%
         250         260         0.022644957    0.000210735      0.021767949    0.000201978      0.023286939    0.000217556        -3.87%      2.83%
         260         270         0.019987424    0.000213087      0.019268097    0.000204912      0.020503014    0.000219258        -3.60%      2.58%
         270         280         0.018161181    0.000195187      0.017544746    0.000188464      0.018596175    0.000200193        -3.39%      2.40%
         280         290         0.015804894    0.000176296      0.015311504    0.000170686      0.016143824    0.000180353        -3.12%      2.14%
         290         300         0.014011947    0.000177768      0.013602985    0.000172016      0.014286194    0.000181885        -2.92%      1.96%
         300         310         0.012552515    0.000155126      0.012206959    0.000150495      0.012779461    0.000158434        -2.75%      1.81%
         310         320         0.011433996    0.000152600      0.011151475    0.000148269      0.011611534    0.000155611        -2.47%      1.55%
         320         330         0.010227037    0.000171544     0.0099839244    0.000166439      0.010377364    0.000175125        -2.38%      1.47%
         330         340        0.0092582430    0.000136143     0.0090597168    0.000132717     0.0093749099    0.000138436        -2.14%      1.26%
         340         350        0.0085278219    0.000186134     0.0083636268    0.000183147     0.0086182775    0.000187609        -1.93%      1.06%
         350         360        0.0075407949    0.000124574     0.0074076260    0.000122066     0.0076102413    0.000126107        -1.77%      0.92%
         360         370        0.0068405027    0.000119426     0.0067337609    0.000117085     0.0068912231    0.000120830        -1.56%      0.74%
         370         380        0.0062055120    0.000112522     0.0061203743    0.000110513     0.0062412425    0.000113754        -1.37%      0.58%
         380         390        0.0056929798    0.000116362     0.0056225647    0.000114600     0.0057187680    0.000117246        -1.24%      0.45%
         390         400        0.0050146331    0.000101040     0.0049492116    9.91293e-05     0.0050405167    0.000102222        -1.30%      0.52%
         400         410        0.0046771127    9.61094e-05     0.0046375931    9.50752e-05     0.0046822376    9.64719e-05        -0.84%      0.11%
         410         420        0.0045366305    9.96846e-05     0.0044987698    9.83901e-05     0.0045412386    0.000100257        -0.83%      0.10%
         420         430        0.0040663037    0.000103559     0.0040340301    0.000101975     0.0040690741    0.000104435        -0.79%      0.07%
         430         440        0.0036210801    8.79369e-05     0.0036059878    8.71619e-05     0.0036210801    8.79369e-05        -0.42%   0.00000%
         440         450        0.0032290009    8.08568e-05     0.0032171812    8.06324e-05     0.0032290009    8.08568e-05        -0.37%   0.00000%
         450         460        0.0030988436    9.37342e-05     0.0030795513    9.34252e-05     0.0030988436    9.37342e-05        -0.62%   0.00000%
         460         470        0.0028605355    8.00774e-05     0.0028419313    7.98711e-05     0.0028614022    7.97893e-05        -0.65%      0.03%
         470         480        0.0026877202    7.71955e-05     0.0026666225    7.68879e-05     0.0026926459    7.70309e-05        -0.78%      0.18%
         480         490        0.0023303751    7.10123e-05     0.0023055998    7.04301e-05     0.0023423526    7.12484e-05        -1.06%      0.51%
         490         500        0.0023111058    7.89521e-05     0.0022862286    7.83966e-05     0.0023232847    7.90640e-05        -1.08%      0.53%
         500         510        0.0021216254    7.55661e-05     0.0020959861    7.48947e-05     0.0021361896    7.58350e-05        -1.21%      0.69%
         510         520        0.0019707584    7.03855e-05     0.0019445415    6.97021e-05     0.0019869777    7.06908e-05        -1.33%      0.82%
         520         530        0.0018242775    6.41133e-05     0.0017965962    6.34358e-05     0.0018434396    6.44727e-05        -1.52%      1.05%
         530         540        0.0017114202    6.30771e-05     0.0016821842    6.22163e-05     0.0017331635    6.36534e-05        -1.71%      1.27%
         540         550        0.0015958554    6.07496e-05     0.0015680057    5.99919e-05     0.0016168216    6.12125e-05        -1.75%      1.31%
         550         560        0.0014720251    5.92175e-05     0.0014471246    5.87046e-05     0.0014905047    5.94565e-05        -1.69%      1.26%
         560         570        0.0014420356    0.000101554     0.0014162121    0.000101413     0.0014618132    0.000101035        -1.79%      1.37%
         570         580        0.0012848093    5.49194e-05     0.0012581069    5.39716e-05     0.0013068104    5.56620e-05        -2.08%      1.71%
         580         590        0.0012175021    5.15983e-05     0.0011939740    5.08363e-05     0.0012362464    5.21348e-05        -1.93%      1.54%
         590         600        0.0011678364    5.71970e-05     0.0011417924    5.62230e-05     0.0011899387    5.79341e-05        -2.23%      1.89%
         600         610        0.0010949269    4.80164e-05     0.0010677705    4.69622e-05     0.0011189385    4.89288e-05        -2.48%      2.19%
         610         620       0.00092481550    4.32817e-05    0.00090197118    4.23394e-05    0.00094498199    4.40914e-05        -2.47%      2.18%
         620         630       0.00090438254    5.06488e-05    0.00088311943    4.97880e-05    0.00092294823    5.13991e-05        -2.35%      2.05%
         630         640       0.00075941748    3.75009e-05    0.00074010890    3.68141e-05    0.00077670284    3.80841e-05        -2.54%      2.28%
         640         650       0.00082986488    4.52709e-05    0.00080746418    4.42750e-05    0.00085024930    4.61303e-05        -2.70%      2.46%
         650         660       0.00070148861    3.54550e-05    0.00068009387    3.45137e-05    0.00072174189    3.63205e-05        -3.05%      2.89%
         660         670       0.00065535815    4.10713e-05    0.00063440637    4.01316e-05    0.00067545686    4.19008e-05        -3.20%      3.07%
         670         680       0.00067811215    4.02100e-05    0.00065830221    3.92705e-05    0.00069663726    4.10398e-05        -2.92%      2.73%
         680         690       0.00064291860    3.83583e-05    0.00062143262    3.72029e-05    0.00066382195    3.94758e-05        -3.34%      3.25%
         690         700       0.00062730108    4.22391e-05    0.00060633405    4.10103e-05    0.00064765679    4.34060e-05        -3.34%      3.24%
         700         710       0.00054184148    3.49009e-05    0.00052221202    3.35678e-05    0.00056130195    3.62640e-05        -3.62%      3.59%
         710         720       0.00049358956    3.01608e-05    0.00047629112    2.91621e-05    0.00051058709    3.11403e-05        -3.50%      3.44%
         720         730       0.00047910094    3.39793e-05    0.00046186335    3.29414e-05    0.00049615473    3.49726e-05        -3.60%      3.56%
         730         740       0.00042293334    2.92699e-05    0.00040710873    2.82307e-05    0.00043874196    3.03036e-05        -3.74%      3.74%
         740         750       0.00044286645    2.81304e-05    0.00042651704    2.71887e-05    0.00045910876    2.90532e-05        -3.69%      3.67%
         750         760       0.00043272613    3.41415e-05    0.00041728074    3.30814e-05    0.00044798994    3.51564e-05        -3.57%      3.53%
         760         770       0.00042808567    3.08821e-05    0.00041351759    3.02517e-05    0.00044237065    3.15263e-05        -3.40%      3.34%
         770         780       0.00039730046    3.54136e-05    0.00038232709    3.41609e-05    0.00041232488    3.66698e-05        -3.77%      3.78%
         780         790       0.00036165965    2.88412e-05    0.00034706528    2.78166e-05    0.00037650571    2.98606e-05        -4.04%      4.10%
         790         800       0.00035974197    3.35662e-05    0.00034460373    3.23515e-05    0.00037526611    3.47768e-05        -4.21%      4.32%
         800         810       0.00032005135    2.74865e-05    0.00030697469    2.64526e-05    0.00033339504    2.85306e-05        -4.09%      4.17%
         810         820       0.00027729802    2.35887e-05    0.00026555292    2.27237e-05    0.00028936759    2.44564e-05        -4.24%      4.35%
         820         830       0.00029774216    2.74043e-05    0.00028505964    2.63820e-05    0.00031078970    2.84354e-05        -4.26%      4.38%
         830         840       0.00026208934    2.40913e-05    0.00025084866    2.31878e-05    0.00027369380    2.50053e-05        -4.29%      4.43%
         840         850       0.00030459489    3.75031e-05    0.00029010352    3.54938e-05    0.00031985050    3.97196e-05        -4.76%      5.01%
         850         860       0.00022726712    2.41319e-05    0.00021712580    2.31434e-05    0.00023780596    2.51463e-05        -4.46%      4.64%
         860         870       0.00022447095    2.29411e-05    0.00021383270    2.18972e-05    0.00023562660    2.40270e-05        -4.74%      4.97%
         870         880       0.00020504230    2.97205e-05    0.00019606491    2.86385e-05    0.00021432824    3.07929e-05        -4.38%      4.53%
         880         890       0.00021287911    2.44296e-05    0.00020327421    2.33236e-05    0.00022289903    2.55909e-05        -4.51%      4.71%
         890         900       0.00038904126    0.000217619    0.00036906527    0.000206118    0.00041039134    0.000229972        -5.13%      5.49%
         900         910       0.00021086362    2.88109e-05    0.00020038191    2.74083e-05    0.00022200528    3.03037e-05        -4.97%      5.28%
         910         920       0.00016181711    2.80460e-05    0.00015303670    2.64647e-05    0.00017132246    2.97866e-05        -5.43%      5.87%
         920         930       0.00020403656    2.41465e-05    0.00019341599    2.29047e-05    0.00021544241    2.54921e-05        -5.21%      5.59%
         930         940       7.5441287e-05    1.45076e-05    7.1435257e-05    1.36553e-05    7.9727577e-05    1.54384e-05        -5.31%      5.68%
         940         950       0.00013279303    1.73512e-05    0.00012549719    1.65151e-05    0.00014070230    1.82476e-05        -5.49%      5.96%
         950         960       0.00023968133    6.02280e-05    0.00022746555    5.75074e-05    0.00025269030    6.30415e-05        -5.10%      5.43%
         960         970       0.00013093783    1.81711e-05    0.00012378327    1.72345e-05    0.00013868826    1.91766e-05        -5.46%      5.92%
         970         980       0.00011882146    1.48245e-05    0.00011202569    1.39955e-05    0.00012623700    1.57294e-05        -5.72%      6.24%
         980         990       0.00012374391    1.69835e-05    0.00011696745    1.61524e-05    0.00013107759    1.78668e-05        -5.48%      5.93%
         990        1000       0.00013411805    1.63496e-05    0.00012650222    1.54743e-05    0.00014241497    1.72953e-05        -5.68%      6.19%
