#  left-edge  right-edge       scale-central  central-error        scale-min      min-error        scale-max      max-error      rel-down     rel-up
           0           5                   0              0                0              0                0              0            0%         0%
           5          10       5.5955361e-05    3.16156e-06    4.6444072e-05    2.62367e-06    6.6443242e-05    3.75496e-06       -17.00%     18.74%
          10          15       0.00025825396    5.70023e-06    0.00021469976    4.74852e-06    0.00030618793    6.74555e-06       -16.86%     18.56%
          15          20       0.00033371520    5.69417e-06    0.00027757521    4.74756e-06    0.00039545870    6.73353e-06       -16.82%     18.50%
          20          25       0.00032935813    4.96533e-06    0.00027407218    4.14268e-06    0.00039011527    5.86725e-06       -16.79%     18.45%
          25          30       0.00032051058    4.51117e-06    0.00026681165    3.76384e-06    0.00037949185    5.33067e-06       -16.75%     18.40%
          30          35       0.00030366149    4.06642e-06    0.00025285429    3.39526e-06    0.00035944024    4.80192e-06       -16.73%     18.37%
          35          40       0.00028737784    4.06890e-06    0.00023942990    3.40582e-06    0.00033997524    4.79325e-06       -16.68%     18.30%
          40          45       0.00024996770    3.64539e-06    0.00020826454    3.04375e-06    0.00029571111    4.30418e-06       -16.68%     18.30%
          45          50       0.00020653786    3.42332e-06    0.00017227317    2.86183e-06    0.00024406834    4.03700e-06       -16.59%     18.17%
          50          55       0.00016094817    2.76544e-06    0.00013441827    2.31651e-06    0.00018996399    3.25550e-06       -16.48%     18.03%
          55          60       0.00012401351    2.51974e-06    0.00010370567    2.11837e-06    0.00014618680    2.95588e-06       -16.38%     17.88%
          60          65       9.3686960e-05    2.32328e-06    7.8458422e-05    1.96029e-06    0.00011028489    2.71585e-06       -16.25%     17.72%
          65          70       7.0209156e-05    1.95868e-06    5.8834367e-05    1.65068e-06    8.2595462e-05    2.29210e-06       -16.20%     17.64%
          70          75       5.9972773e-05    1.83618e-06    5.0325608e-05    1.55030e-06    7.0459369e-05    2.14504e-06       -16.09%     17.49%
          75          80       4.5070775e-05    1.46204e-06    3.7820305e-05    1.22834e-06    5.2951077e-05    1.71586e-06       -16.09%     17.48%
          80          85       3.4908789e-05    1.47988e-06    2.9354151e-05    1.25073e-06    4.0930186e-05    1.72695e-06       -15.91%     17.25%
          85          90       2.7634240e-05    1.26287e-06    2.3244843e-05    1.06427e-06    3.2389886e-05    1.47769e-06       -15.88%     17.21%
          90          95       2.3686500e-05    1.24580e-06    1.9966326e-05    1.05655e-06    2.7706791e-05    1.44911e-06       -15.71%     16.97%
          95         100       1.7365634e-05    1.12611e-06    1.4663580e-05    9.61245e-07    2.0279289e-05    1.30173e-06       -15.56%     16.78%
         100         105       1.2934503e-05    8.32656e-07    1.0924945e-05    7.06234e-07    1.5100578e-05    9.68308e-07       -15.54%     16.75%
         105         110       9.9871165e-06    6.67164e-07    8.4299259e-06    5.64091e-07    1.1666782e-05    7.78190e-07       -15.59%     16.82%
         110         115       9.1042292e-06    8.67926e-07    7.7004513e-06    7.39033e-07    1.0614667e-05    1.00550e-06       -15.42%     16.59%
         115         120       8.0991901e-06    7.17834e-07    6.8595112e-06    6.09311e-07    9.4302483e-06    8.34078e-07       -15.31%     16.43%
         120         125       6.5708491e-06    6.30225e-07    5.5717816e-06    5.34205e-07    7.6421014e-06    7.33261e-07       -15.20%     16.30%
         125         130       4.7072456e-06    5.35725e-07    3.9888035e-06    4.53707e-07    5.4781381e-06    6.23801e-07       -15.26%     16.38%
         130         135       4.2277518e-06    5.57021e-07    3.5857861e-06    4.73253e-07    4.9153806e-06    6.46526e-07       -15.18%     16.26%
         135         140       3.6981413e-06    5.05751e-07    3.1354384e-06    4.26945e-07    4.3013798e-06    5.90650e-07       -15.22%     16.31%
         140         145       2.6402184e-06    3.38575e-07    2.2407187e-06    2.87228e-07    3.0679884e-06    3.93595e-07       -15.13%     16.20%
         145         150       2.5366085e-06    3.48278e-07    2.1619303e-06    2.97576e-07    2.9355306e-06    4.02111e-07       -14.77%     15.73%
         150         155       1.5473619e-06    2.42655e-07    1.3185120e-06    2.06641e-07    1.7910962e-06    2.81051e-07       -14.79%     15.75%
         155         160       2.0571938e-06    3.28705e-07    1.7538001e-06    2.80763e-07    2.3800479e-06    3.79634e-07       -14.75%     15.69%
         160         165       1.5233594e-06    2.47173e-07    1.2972254e-06    2.10692e-07    1.7643265e-06    2.86010e-07       -14.84%     15.82%
         165         170       1.5649766e-06    2.76605e-07    1.3349105e-06    2.35517e-07    1.8096482e-06    3.20425e-07       -14.70%     15.63%
         170         175       1.1148715e-06    1.94995e-07    9.5180183e-07    1.66447e-07    1.2880487e-06    2.25323e-07       -14.63%     15.53%
         175         180       1.0201846e-06    2.35943e-07    8.7243865e-07    2.01484e-07    1.1767701e-06    2.72561e-07       -14.48%     15.35%
         180         185       5.3474234e-07    1.48711e-07    4.5621257e-07    1.26456e-07    6.1819861e-07    1.72451e-07       -14.69%     15.61%
         185         190       9.2317215e-07    4.39847e-07    7.9584272e-07    3.81404e-07    1.0565370e-06    5.00496e-07       -13.79%     14.45%
         190         195       7.1196569e-07    2.56548e-07    6.1150451e-07    2.21684e-07    8.1775107e-07    2.92932e-07       -14.11%     14.86%
         195         200       5.0934746e-07    2.33562e-07    4.3765554e-07    2.00944e-07    5.8476685e-07    2.67796e-07       -14.08%     14.81%
         200         205       5.0129987e-07    1.67846e-07    4.2914417e-07    1.43454e-07    5.7758210e-07    1.93698e-07       -14.39%     15.22%
         205         210       2.7984741e-07    9.43278e-08    2.4002401e-07    8.11132e-08    3.2186807e-07    1.08225e-07       -14.23%     15.02%
         210         215       2.9297470e-07    8.76626e-08    2.5257086e-07    7.55384e-08    3.3528797e-07    1.00368e-07       -13.79%     14.44%
         215         220       1.5845695e-07    5.46170e-08    1.3612997e-07    4.68970e-08    1.8195222e-07    6.27480e-08       -14.09%     14.83%
         220         225       8.5368155e-08    4.51118e-08    7.3194242e-08    3.86575e-08    9.8222365e-08    5.19310e-08       -14.26%     15.06%
         225         230       8.8173615e-08    5.44057e-08    7.5779018e-08    4.66468e-08    1.0121852e-07    6.26009e-08       -14.06%     14.79%
         230         235       6.7333356e-07    5.63213e-07    5.7460972e-07    4.80031e-07    7.7804443e-07    6.51558e-07       -14.66%     15.55%
         235         240       4.8197871e-08    2.33523e-08    4.1344541e-08    2.00460e-08    5.5425918e-08    2.68362e-08       -14.22%     15.00%
         240         245       2.9898991e-07    1.11369e-07    2.5814220e-07    9.62513e-08    3.4167042e-07    1.27147e-07       -13.66%     14.27%
         245         250       6.6727273e-08    3.03567e-08    5.7595431e-08    2.61859e-08    7.6275088e-08    3.47215e-08       -13.69%     14.31%
         250         255       1.8037363e-08    8.52453e-09    1.5558522e-08    7.35106e-09    2.0632266e-08    9.75358e-09       -13.74%     14.39%
         255         260       8.1849270e-08    4.84730e-08    7.0296282e-08    4.16090e-08    9.4010240e-08    5.57046e-08       -14.11%     14.86%
         260         265       3.5130249e-08    1.65448e-08    3.0378371e-08    1.43036e-08    4.0082139e-08    1.88819e-08       -13.53%     14.10%
         265         270       1.1409174e-07    4.56355e-08    9.8590302e-08    3.93650e-08    1.3026583e-07    5.21945e-08       -13.59%     14.18%
         270         275       3.3390925e-08    1.63942e-08    2.8876276e-08    1.41756e-08    3.8096150e-08    1.87071e-08       -13.52%     14.09%
         275         280       2.5188512e-08    1.54857e-08    2.1748427e-08    1.33887e-08    2.8782308e-08    1.76720e-08       -13.66%     14.27%
         280         285       2.6827076e-08    1.71999e-08    2.3117626e-08    1.48132e-08    3.0714201e-08    1.97033e-08       -13.83%     14.49%
         285         290       1.2528542e-09    1.25286e-09    1.0893295e-09    1.08933e-09    1.4218076e-09    1.42181e-09       -13.05%     13.49%
         290         295       1.4448904e-08    1.04814e-08    1.2484641e-08    9.05913e-09    1.6499242e-08    1.19653e-08       -13.59%     14.19%
         295         300       1.2051365e-08    1.03858e-08    1.0512394e-08    9.06161e-09    1.3632935e-08    1.17462e-08       -12.77%     13.12%
         300         305       1.3908535e-08    1.36676e-08    1.2085315e-08    1.18750e-08    1.5794623e-08    1.55222e-08       -13.11%     13.56%
         305         310       3.4860103e-08    3.48601e-08    3.0466601e-08    3.04666e-08    3.9360713e-08    3.93607e-08       -12.60%     12.91%
         310         315       7.8000371e-10    7.80004e-10    6.7600910e-10    6.76010e-10    8.8800020e-10    8.88001e-10       -13.33%     13.85%
         315         320       7.9390126e-08    7.79603e-08    6.9880036e-08    6.86357e-08    8.9017726e-08    8.73966e-08       -11.98%     12.13%
         320         325       5.4905952e-09    4.08053e-09    4.7629282e-09    3.54166e-09    6.2452746e-09    4.63890e-09       -13.25%     13.74%
         325         330       1.7908433e-09    1.79084e-09    1.5645574e-09    1.56456e-09    2.0227946e-09    2.02280e-09       -12.64%     12.95%
         330         335       9.0606481e-08    8.11647e-08    7.8905588e-08    7.06703e-08    1.0272256e-07    9.20402e-08       -12.91%     13.37%
         335         340       8.3218905e-09    5.75968e-09    7.2395907e-09    5.01569e-09    9.4392766e-09    6.52652e-09       -13.01%     13.43%
         340         345                   0              0                0              0                0              0            0%         0%
         345         350       2.6282092e-08    1.94193e-08    2.2916572e-08    1.69382e-08    2.9743545e-08    2.19698e-08       -12.81%     13.17%
         350         355       4.6192513e-09    4.61925e-09    4.0017569e-09    4.00176e-09    5.2608587e-09    5.26086e-09       -13.37%     13.89%
         355         360       4.1202657e-08    4.12027e-08    3.5658078e-08    3.56581e-08    4.6971787e-08    4.69718e-08       -13.46%     14.00%
         360         365                   0              0                0              0                0              0            0%         0%
         365         370       7.4360028e-09    7.43601e-09    6.4880562e-09    6.48806e-09    8.4110211e-09    8.41103e-09       -12.75%     13.11%
         370         375                   0              0                0              0                0              0            0%         0%
         375         380                   0              0                0              0                0              0            0%         0%
         380         385                   0              0                0              0                0              0            0%         0%
         385         390                   0              0                0              0                0              0            0%         0%
         390         395                   0              0                0              0                0              0            0%         0%
         395         400                   0              0                0              0                0              0            0%         0%
         400         405                   0              0                0              0                0              0            0%         0%
         405         410                   0              0                0              0                0              0            0%         0%
         410         415       6.7915963e-09    6.79160e-09    5.9085855e-09    5.90859e-09    7.7030931e-09    7.70310e-09       -13.00%     13.42%
         415         420                   0              0                0              0                0              0            0%         0%
         420         425                   0              0                0              0                0              0            0%         0%
         425         430                   0              0                0              0                0              0            0%         0%
         430         435                   0              0                0              0                0              0            0%         0%
         435         440                   0              0                0              0                0              0            0%         0%
         440         445                   0              0                0              0                0              0            0%         0%
         445         450                   0              0                0              0                0              0            0%         0%
         450         455       2.8156078e-09    2.81561e-09    2.4564513e-09    2.45645e-09    3.1846330e-09    3.18464e-09       -12.76%     13.11%
         455         460       2.9430033e-09    2.94301e-09    2.5733874e-09    2.57339e-09    3.3213204e-09    3.32132e-09       -12.56%     12.85%
         460         465                   0              0                0              0                0              0            0%         0%
         465         470                   0              0                0              0                0              0            0%         0%
         470         475       2.6494006e-08    2.64940e-08    2.3274853e-08    2.32749e-08    2.9773406e-08    2.97734e-08       -12.15%     12.38%
         475         480                   0              0                0              0                0              0            0%         0%
         480         485                   0              0                0              0                0              0            0%         0%
         485         490       8.8308997e-10    8.83091e-10    7.7418672e-10    7.74187e-10    9.9414730e-10    9.94148e-10       -12.33%     12.58%
         490         495                   0              0                0              0                0              0            0%         0%
         495         500                   0              0                0              0                0              0            0%         0%
         500         505                   0              0                0              0                0              0            0%         0%
         505         510                   0              0                0              0                0              0            0%         0%
         510         515                   0              0                0              0                0              0            0%         0%
         515         520       5.2748344e-09    5.27484e-09    4.6274945e-09    4.62750e-09    5.9337809e-09    5.93378e-09       -12.27%     12.49%
         520         525                   0              0                0              0                0              0            0%         0%
         525         530                   0              0                0              0                0              0            0%         0%
         530         535                   0              0                0              0                0              0            0%         0%
         535         540                   0              0                0              0                0              0            0%         0%
         540         545                   0              0                0              0                0              0            0%         0%
         545         550                   0              0                0              0                0              0            0%         0%
         550         555                   0              0                0              0                0              0            0%         0%
         555         560                   0              0                0              0                0              0            0%         0%
         560         565                   0              0                0              0                0              0            0%         0%
         565         570                   0              0                0              0                0              0            0%         0%
         570         575                   0              0                0              0                0              0            0%         0%
         575         580                   0              0                0              0                0              0            0%         0%
         580         585                   0              0                0              0                0              0            0%         0%
         585         590                   0              0                0              0                0              0            0%         0%
         590         595                   0              0                0              0                0              0            0%         0%
         595         600                   0              0                0              0                0              0            0%         0%
         600         605                   0              0                0              0                0              0            0%         0%
         605         610                   0              0                0              0                0              0            0%         0%
         610         615                   0              0                0              0                0              0            0%         0%
         615         620                   0              0                0              0                0              0            0%         0%
         620         625                   0              0                0              0                0              0            0%         0%
         625         630                   0              0                0              0                0              0            0%         0%
         630         635                   0              0                0              0                0              0            0%         0%
         635         640                   0              0                0              0                0              0            0%         0%
         640         645                   0              0                0              0                0              0            0%         0%
         645         650                   0              0                0              0                0              0            0%         0%
         650         655                   0              0                0              0                0              0            0%         0%
         655         660                   0              0                0              0                0              0            0%         0%
         660         665                   0              0                0              0                0              0            0%         0%
         665         670                   0              0                0              0                0              0            0%         0%
         670         675                   0              0                0              0                0              0            0%         0%
         675         680                   0              0                0              0                0              0            0%         0%
         680         685                   0              0                0              0                0              0            0%         0%
         685         690                   0              0                0              0                0              0            0%         0%
         690         695                   0              0                0              0                0              0            0%         0%
         695         700                   0              0                0              0                0              0            0%         0%
         700         705                   0              0                0              0                0              0            0%         0%
         705         710                   0              0                0              0                0              0            0%         0%
         710         715                   0              0                0              0                0              0            0%         0%
         715         720                   0              0                0              0                0              0            0%         0%
         720         725                   0              0                0              0                0              0            0%         0%
         725         730                   0              0                0              0                0              0            0%         0%
         730         735                   0              0                0              0                0              0            0%         0%
         735         740                   0              0                0              0                0              0            0%         0%
         740         745                   0              0                0              0                0              0            0%         0%
         745         750                   0              0                0              0                0              0            0%         0%
         750         755                   0              0                0              0                0              0            0%         0%
         755         760                   0              0                0              0                0              0            0%         0%
         760         765                   0              0                0              0                0              0            0%         0%
         765         770                   0              0                0              0                0              0            0%         0%
         770         775                   0              0                0              0                0              0            0%         0%
         775         780                   0              0                0              0                0              0            0%         0%
         780         785                   0              0                0              0                0              0            0%         0%
         785         790                   0              0                0              0                0              0            0%         0%
         790         795                   0              0                0              0                0              0            0%         0%
         795         800                   0              0                0              0                0              0            0%         0%
         800         805                   0              0                0              0                0              0            0%         0%
         805         810                   0              0                0              0                0              0            0%         0%
         810         815                   0              0                0              0                0              0            0%         0%
         815         820                   0              0                0              0                0              0            0%         0%
         820         825                   0              0                0              0                0              0            0%         0%
         825         830                   0              0                0              0                0              0            0%         0%
         830         835                   0              0                0              0                0              0            0%         0%
         835         840                   0              0                0              0                0              0            0%         0%
         840         845                   0              0                0              0                0              0            0%         0%
         845         850                   0              0                0              0                0              0            0%         0%
         850         855                   0              0                0              0                0              0            0%         0%
         855         860                   0              0                0              0                0              0            0%         0%
         860         865                   0              0                0              0                0              0            0%         0%
         865         870                   0              0                0              0                0              0            0%         0%
         870         875                   0              0                0              0                0              0            0%         0%
         875         880                   0              0                0              0                0              0            0%         0%
         880         885                   0              0                0              0                0              0            0%         0%
         885         890                   0              0                0              0                0              0            0%         0%
         890         895                   0              0                0              0                0              0            0%         0%
         895         900                   0              0                0              0                0              0            0%         0%
         900         905                   0              0                0              0                0              0            0%         0%
         905         910                   0              0                0              0                0              0            0%         0%
         910         915                   0              0                0              0                0              0            0%         0%
         915         920                   0              0                0              0                0              0            0%         0%
         920         925                   0              0                0              0                0              0            0%         0%
         925         930                   0              0                0              0                0              0            0%         0%
         930         935                   0              0                0              0                0              0            0%         0%
         935         940                   0              0                0              0                0              0            0%         0%
         940         945                   0              0                0              0                0              0            0%         0%
         945         950                   0              0                0              0                0              0            0%         0%
         950         955                   0              0                0              0                0              0            0%         0%
         955         960                   0              0                0              0                0              0            0%         0%
         960         965                   0              0                0              0                0              0            0%         0%
         965         970                   0              0                0              0                0              0            0%         0%
         970         975                   0              0                0              0                0              0            0%         0%
         975         980                   0              0                0              0                0              0            0%         0%
         980         985                   0              0                0              0                0              0            0%         0%
         985         990                   0              0                0              0                0              0            0%         0%
         990         995                   0              0                0              0                0              0            0%         0%
         995        1000                   0              0                0              0                0              0            0%         0%
