#  left-edge  right-edge       scale-central  central-error        scale-min      min-error        scale-max      max-error      rel-down     rel-up
           0           5                   0              0                0              0                0              0            0%         0%
           5          10                   0              0                0              0                0              0            0%         0%
          10          15                   0              0                0              0                0              0            0%         0%
          15          20                   0              0                0              0                0              0            0%         0%
          20          25                   0              0                0              0                0              0            0%         0%
          25          30                   0              0                0              0                0              0            0%         0%
          30          35                   0              0                0              0                0              0            0%         0%
          35          40                   0              0                0              0                0              0            0%         0%
          40          45                   0              0                0              0                0              0            0%         0%
          45          50                   0              0                0              0                0              0            0%         0%
          50          55                   0              0                0              0                0              0            0%         0%
          55          60                   0              0                0              0                0              0            0%         0%
          60          65                   0              0                0              0                0              0            0%         0%
          65          70                   0              0                0              0                0              0            0%         0%
          70          75        0.0013537562    8.23024e-05     0.0012602615    7.13374e-05     0.0014237869    9.31663e-05        -6.91%      5.17%
          75          80        0.0028659375    0.000101959     0.0026781538    8.75687e-05     0.0030047322    0.000116519        -6.55%      4.84%
          80          85        0.0070623414    0.000164426     0.0065797767    0.000142460     0.0074304949    0.000186113        -6.83%      5.21%
          85          90         0.045065839    0.000586353      0.043010337    0.000509070      0.046308530    0.000661499        -4.56%      2.76%
          90          95          0.13886888    0.000991502       0.13580178    0.000865118       0.14257894     0.00103583        -2.21%      2.67%
          95         100         0.017387592    0.000235413      0.016906132    0.000206443      0.017833559    0.000244961        -2.77%      2.56%
         100         105        0.0078420427    0.000123371     0.0075326789    0.000109011     0.0080419757    0.000128531        -3.94%      2.55%
         105         110        0.0071806542    0.000111093     0.0069610919    0.000100137     0.0073370635    0.000115321        -3.06%      2.18%
         110         115         0.011272972    0.000143317      0.010897741    0.000128677      0.011495035    0.000159137        -3.33%      1.97%
         115         120         0.014532254    0.000155909      0.014087904    0.000141943      0.014789284    0.000170931        -3.06%      1.77%
         120         125         0.016990158    0.000180207      0.016454571    0.000162427      0.017316826    0.000198516        -3.15%      1.92%
         125         130         0.017675006    0.000198200      0.017167601    0.000178504      0.018028171    0.000203321        -2.87%      2.00%
         130         135         0.017865242    0.000191141      0.017440741    0.000172813      0.018295495    0.000196376        -2.38%      2.41%
         135         140         0.018765963    0.000174865      0.018225081    0.000159003      0.019199138    0.000180191        -2.88%      2.31%
         140         145         0.019805705    0.000185991      0.019180823    0.000169106      0.020308140    0.000195177        -3.16%      2.54%
         145         150         0.019927474    0.000199282      0.019324657    0.000181873      0.020466244    0.000210977        -3.03%      2.70%
         150         155         0.020634317    0.000185902      0.019932065    0.000170122      0.021170092    0.000192435        -3.40%      2.60%
         155         160         0.021257346    0.000171297      0.020485627    0.000156964      0.021817709    0.000185306        -3.63%      2.64%
         160         165         0.021801961    0.000176303      0.020975075    0.000162168      0.022417282    0.000189916        -3.79%      2.82%
         165         170         0.024085951    0.000182141      0.023154189    0.000167646      0.024794902    0.000195981        -3.87%      2.94%
         170         175         0.027669243    0.000185430      0.026543709    0.000171224      0.028533816    0.000199166        -4.07%      3.12%
         175         180         0.037591604    0.000242164      0.036060674    0.000222895      0.038783653    0.000260160        -4.07%      3.17%
         180         185         0.072700825    0.000299038      0.070407651    0.000277058      0.074374241    0.000320368        -3.15%      2.30%
         185         190          0.12247099    0.000394427       0.11963561    0.000366721       0.12552816    0.000404525        -2.32%      2.50%
         190         195          0.14619251    0.000430789       0.14304629    0.000421293       0.15011616    0.000443679        -2.15%      2.68%
         195         200          0.15237423    0.000444236       0.14896834    0.000433704       0.15662171    0.000458506        -2.24%      2.79%
         200         205          0.15026542    0.000435587       0.14676645    0.000425864       0.15462898    0.000448780        -2.33%      2.90%
         205         210          0.14747680    0.000450927       0.14384504    0.000435842       0.15200596    0.000471138        -2.46%      3.07%
         210         215          0.14093614    0.000402645       0.13742208    0.000392922       0.14531852    0.000415810        -2.49%      3.11%
         215         220          0.13255826    0.000418812       0.12908816    0.000406240       0.13688582    0.000435723        -2.62%      3.26%
         220         225          0.12454602    0.000406816       0.12128485    0.000397857       0.12861301    0.000418978        -2.62%      3.27%
         225         230          0.11639028    0.000382577       0.11323633    0.000373256       0.12032355    0.000395196        -2.71%      3.38%
         230         235          0.10775176    0.000358846       0.10473593    0.000349373       0.11151279    0.000371641        -2.80%      3.49%
         235         240          0.10067207    0.000342733      0.097779359    0.000333126       0.10427955    0.000355685        -2.87%      3.58%
         240         245         0.094702820    0.000347022      0.091982341    0.000336679      0.098095520    0.000360937        -2.87%      3.58%
         245         250         0.087657120    0.000359329      0.085062961    0.000346245      0.090892286    0.000376800        -2.96%      3.69%
         250         255         0.082053710    0.000324380      0.079619480    0.000316231      0.085089430    0.000335401        -2.97%      3.70%
         255         260         0.075772737    0.000315842      0.073474412    0.000307067      0.078638969    0.000327675        -3.03%      3.78%
         260         265         0.070512599    0.000302395      0.068321368    0.000293691      0.073245276    0.000314120        -3.11%      3.88%
         265         270         0.066001515    0.000301610      0.063964795    0.000293271      0.068541501    0.000312856        -3.09%      3.85%
         270         275         0.062009517    0.000294010      0.060055164    0.000285602      0.064446784    0.000305338        -3.15%      3.93%
         275         280         0.056844499    0.000276688      0.054966920    0.000269700      0.059186023    0.000286138        -3.30%      4.12%
         280         285         0.054634391    0.000272233      0.052891328    0.000264177      0.056808158    0.000283074        -3.19%      3.98%
         285         290         0.050853290    0.000260600      0.049161915    0.000253851      0.052962597    0.000269721        -3.33%      4.15%
         290         295         0.047318485    0.000255750      0.045732816    0.000248897      0.049295966    0.000265002        -3.35%      4.18%
         295         300         0.044912675    0.000257478      0.043408639    0.000249265      0.046788352    0.000268500        -3.35%      4.18%
         300         305         0.041697634    0.000236361      0.040279613    0.000229584      0.043466042    0.000245491        -3.40%      4.24%
         305         310         0.039200675    0.000231834      0.037849914    0.000224760      0.040885204    0.000241343        -3.45%      4.30%
         310         315         0.036994296    0.000232632      0.035712797    0.000225649      0.038594722    0.000234686        -3.46%      4.33%
         315         320         0.035112165    0.000223968      0.033894005    0.000217570      0.036631329    0.000232588        -3.47%      4.33%
         320         325         0.032671637    0.000218083      0.031516269    0.000211223      0.034171119    0.000221245        -3.54%      4.59%
         325         330         0.030737460    0.000220807      0.029632324    0.000213454      0.032152754    0.000224495        -3.60%      4.60%
         330         335         0.028879968    0.000206663      0.027853069    0.000200812      0.030215597    0.000209096        -3.56%      4.62%
         335         340         0.027542478    0.000242089      0.026577598    0.000230676      0.028771154    0.000264926        -3.50%      4.46%
         340         345         0.026256015    0.000200257      0.025291952    0.000194204      0.027501052    0.000203328        -3.67%      4.74%
         345         350         0.024549070    0.000190353      0.023674974    0.000185064      0.025731907    0.000192861        -3.56%      4.82%
         350         355         0.023049722    0.000184799      0.022197783    0.000179033      0.024213990    0.000188153        -3.70%      5.05%
         355         360         0.022390066    0.000186346      0.021596242    0.000180849      0.023440944    0.000189602        -3.55%      4.69%
         360         365         0.020679715    0.000182480      0.019924340    0.000177372      0.021731742    0.000185293        -3.65%      5.09%
         365         370         0.019814624    0.000181942      0.019074348    0.000176855      0.020832931    0.000184845        -3.74%      5.14%
         370         375         0.018672996    0.000173210      0.017983911    0.000167807      0.019630838    0.000177252        -3.69%      5.13%
         375         380         0.017937106    0.000161807      0.017272372    0.000156070      0.018860137    0.000166623        -3.71%      5.15%
         380         385         0.017063669    0.000160467      0.016434166    0.000155088      0.017938279    0.000164707        -3.69%      5.13%
         385         390         0.016600567    0.000204064      0.015966643    0.000194313      0.017471727    0.000216663        -3.82%      5.25%
         390         395         0.015091912    0.000152063      0.014537270    0.000147173      0.015858582    0.000156034        -3.68%      5.08%
         395         400         0.014659742    0.000151890      0.014076465    0.000149547      0.015464696    0.000155566        -3.98%      5.49%
         400         405         0.013052334    0.000153888      0.012468427    0.000151267      0.013861666    0.000157791        -4.47%      6.20%
         405         410         0.012775931    0.000161130      0.012231213    0.000157474      0.013526042    0.000165907        -4.26%      5.87%
         410         415         0.012414011    0.000142689      0.011863232    0.000137845      0.013170759    0.000149566        -4.44%      6.10%
         415         420         0.011651946    0.000142131      0.011164119    0.000137653      0.012323887    0.000148298        -4.19%      5.77%
         420         425         0.011212668    0.000130813      0.010746840    0.000127514      0.011852207    0.000135548        -4.15%      5.70%
         425         430         0.010892418    0.000159850      0.010416936    0.000157075      0.011539665    0.000163395        -4.37%      5.94%
         430         435         0.010208180    0.000131992     0.0097353704    0.000128779      0.010855818    0.000136596        -4.63%      6.34%
         435         440        0.0094887604    0.000167998     0.0090609478    0.000167791      0.010077798    0.000168606        -4.51%      6.21%
         440         445        0.0094145778    0.000179240     0.0089896148    0.000176030     0.0099998431    0.000184101        -4.51%      6.22%
         445         450        0.0087581939    0.000124044     0.0083534989    0.000120182     0.0093067191    0.000129121        -4.62%      6.26%
         450         455        0.0085947250    0.000115846     0.0081891651    0.000112013     0.0091498825    0.000121184        -4.72%      6.46%
         455         460        0.0079831648    0.000113365     0.0076079968    0.000110409     0.0084972004    0.000117580        -4.70%      6.44%
         460         465        0.0075086354    0.000118405     0.0071453714    0.000115588     0.0080073593    0.000122300        -4.84%      6.64%
         465         470        0.0076048701    0.000122755     0.0072405545    0.000118767     0.0081032069    0.000128138        -4.79%      6.55%
         470         475        0.0067115249    0.000109617     0.0063995943    0.000106521     0.0071464904    0.000113857        -4.65%      6.48%
         475         480        0.0067643984    0.000105973     0.0064325206    0.000101950     0.0072223410    0.000111305        -4.91%      6.77%
         480         485        0.0065486098    9.99538e-05     0.0062462499    9.66867e-05     0.0069670320    0.000104363        -4.62%      6.39%
         485         490        0.0062126140    0.000120964     0.0058976486    0.000118379     0.0066436469    0.000124507        -5.07%      6.94%
         490         495        0.0056670201    0.000119747     0.0053573008    0.000117661     0.0060900722    0.000122591        -5.47%      7.47%
         495         500        0.0055188567    9.43628e-05     0.0052491438    9.12656e-05     0.0058867661    9.86795e-05        -4.89%      6.67%
