#  left-edge  right-edge       scale-central  central-error        scale-min      min-error        scale-max      max-error      rel-down     rel-up
           0          10           19.136185     0.00383641        16.073968     0.00322911        22.154439     0.00445312       -16.00%     15.77%
          10          20           7.0882869     0.00296655        6.2638180     0.00261781        7.8415195     0.00329324       -11.63%     10.63%
          20          30           2.3410467     0.00175805        2.1042883     0.00157384        2.5530627     0.00192932       -10.11%      9.06%
          30          40          0.74753455    0.000910016       0.69681115    0.000851362       0.78987306    0.000960566        -6.79%      5.66%
          40          50          0.47573668    0.000762900       0.44792203    0.000719507       0.49826515    0.000799425        -5.85%      4.74%
          50          60          0.33109294    0.000664293       0.31289889    0.000627258       0.34564852    0.000695510        -5.50%      4.40%
          60          70          0.23355366    0.000574552       0.22119828    0.000543179       0.24336791    0.000600793        -5.29%      4.20%
          70          80          0.14836480    0.000465632       0.14077538    0.000440187       0.15436017    0.000486963        -5.12%      4.04%
          80          90         0.068607153    0.000314882      0.065435983    0.000298607      0.071069057    0.000328479        -4.62%      3.59%
          90         100         0.015071014    0.000117821      0.014729839    0.000114962      0.015288140    0.000120052        -2.26%      1.44%
         100         110        0.0070256363    6.97745e-05     0.0069743793    6.93794e-05     0.0070311807    6.98984e-05        -0.73%      0.08%
         110         120        0.0040451509    4.97334e-05     0.0040178451    4.92646e-05     0.0040504396    5.00556e-05        -0.68%      0.13%
         120         130        0.0025731106    3.63634e-05     0.0025419671    3.59743e-05     0.0025925554    3.66431e-05        -1.21%      0.76%
         130         140        0.0018100960    3.18640e-05     0.0017772718    3.10801e-05     0.0018367092    3.26503e-05        -1.81%      1.47%
         140         150        0.0012605110    2.61359e-05     0.0012300738    2.52831e-05     0.0012881568    2.70434e-05        -2.41%      2.19%
         150         160       0.00086938217    1.84381e-05    0.00084632872    1.79378e-05    0.00089087816    1.89417e-05        -2.65%      2.47%
         160         170       0.00067540881    1.87038e-05    0.00065309492    1.79144e-05    0.00069750539    1.95583e-05        -3.30%      3.27%
         170         180       0.00049029230    1.54566e-05    0.00047201910    1.47234e-05    0.00050892861    1.62705e-05        -3.73%      3.80%
         180         190       0.00036631596    1.35867e-05    0.00035202766    1.29461e-05    0.00038097589    1.42854e-05        -3.90%      4.00%
         190         200       0.00029992178    1.06006e-05    0.00028707519    1.01299e-05    0.00031340427    1.11214e-05        -4.28%      4.50%
         200         210       0.00025319809    1.65230e-05    0.00024096881    1.52498e-05    0.00026629655    1.80004e-05        -4.83%      5.17%
         210         220       0.00015283396    5.63293e-06    0.00014573615    5.37528e-06    0.00016037580    5.91148e-06        -4.64%      4.93%
         220         230       0.00013714267    6.86989e-06    0.00013066310    6.57087e-06    0.00014406076    7.19153e-06        -4.72%      5.04%
         230         240       0.00010750339    6.08436e-06    0.00010154376    5.73113e-06    0.00011404052    6.48036e-06        -5.54%      6.08%
         240         250       9.5217654e-05    6.67515e-06    8.9224728e-05    6.11484e-06    0.00010195315    7.34621e-06        -6.29%      7.07%
         250         260       8.0070224e-05    5.02611e-06    7.5257454e-05    4.72357e-06    8.5417040e-05    5.36295e-06        -6.01%      6.68%
         260         270       7.5331811e-05    5.26445e-06    7.0816547e-05    4.91783e-06    8.0347772e-05    5.65912e-06        -5.99%      6.66%
         270         280       5.4641087e-05    3.40819e-06    5.1287358e-05    3.19179e-06    5.8386371e-05    3.65472e-06        -6.14%      6.85%
         280         290       3.6043613e-05    2.61213e-06    3.3774409e-05    2.45476e-06    3.8598299e-05    2.79243e-06        -6.30%      7.09%
         290         300       4.2841307e-05    5.99161e-06    3.9774678e-05    5.54033e-06    4.6342729e-05    6.50921e-06        -7.16%      8.17%
         300         310       2.1166325e-05    1.62186e-06    1.9574099e-05    1.49225e-06    2.3012541e-05    1.77676e-06        -7.52%      8.72%
         310         320       2.2657595e-05    1.72623e-06    2.1016851e-05    1.60334e-06    2.4543456e-05    1.86915e-06        -7.24%      8.32%
         320         330       2.0506035e-05    2.20220e-06    1.8989863e-05    2.02114e-06    2.2243874e-05    2.41375e-06        -7.39%      8.47%
         330         340       3.6164980e-06    4.29058e-07    3.3232355e-06    3.92673e-07    3.9607572e-06    4.72198e-07        -8.11%      9.52%
         340         350       1.7860057e-05    2.99739e-06    1.6341390e-05    2.73756e-06    1.9641823e-05    3.30193e-06        -8.50%      9.98%
         350         360       1.4790890e-05    2.01530e-06    1.3680240e-05    1.87925e-06    1.6078725e-05    2.17315e-06        -7.51%      8.71%
         360         370       9.4150940e-06    1.22323e-06    8.6717973e-06    1.14728e-06    1.0277678e-05    1.30952e-06        -7.89%      9.16%
         370         380       6.7366821e-06    1.19259e-06    6.2324051e-06    1.10856e-06    7.3185284e-06    1.28867e-06        -7.49%      8.64%
         380         390       1.0485443e-05    1.50730e-06    9.5972569e-06    1.37968e-06    1.1525614e-05    1.65734e-06        -8.47%      9.92%
         390         400       7.4933797e-06    1.27681e-06    6.8804753e-06    1.17637e-06    8.2126539e-06    1.39414e-06        -8.18%      9.60%
         400         410       3.1577162e-06    6.86525e-07    2.8952333e-06    6.28794e-07    3.4645452e-06    7.54261e-07        -8.31%      9.72%
         410         420       4.6468221e-06    7.75108e-07    4.2497755e-06    7.19169e-07    5.1144379e-06    8.39449e-07        -8.54%     10.06%
         420         430       5.0261359e-06    8.99977e-07    4.5781562e-06    8.25264e-07    5.5567261e-06    9.87688e-07        -8.91%     10.56%
         430         440       2.8529531e-06    4.85490e-07    2.5772503e-06    4.41004e-07    3.1847841e-06    5.38829e-07        -9.66%     11.63%
         440         450       2.2111863e-06    3.94776e-07    1.9959029e-06    3.60099e-07    2.4715337e-06    4.36220e-07        -9.74%     11.77%
         450         460       2.1867476e-06    4.35238e-07    1.9579664e-06    3.91260e-07    2.4647698e-06    4.88133e-07       -10.46%     12.71%
         460         470       2.2360859e-06    4.12119e-07    2.0064607e-06    3.72678e-07    2.5155061e-06    4.59544e-07       -10.27%     12.50%
         470         480       1.9613154e-06    5.86455e-07    1.7805480e-06    5.33596e-07    2.1758993e-06    6.48917e-07        -9.22%     10.94%
         480         490       1.4504583e-06    3.04557e-07    1.2957297e-06    2.76983e-07    1.6401087e-06    3.38003e-07       -10.67%     13.08%
         490         500       2.6843962e-06    6.84123e-07    2.4387253e-06    6.38521e-07    2.9771256e-06    7.35563e-07        -9.15%     10.90%
         500         510       1.0425888e-06    2.56487e-07    9.1418698e-07    2.25815e-07    1.2033379e-06    2.94497e-07       -12.32%     15.42%
         510         520       9.1613801e-07    1.81015e-07    8.1967890e-07    1.62415e-07    1.0335225e-06    2.03568e-07       -10.53%     12.81%
         520         530       6.7766604e-07    1.28051e-07    5.9983289e-07    1.15796e-07    7.7486500e-07    1.43305e-07       -11.49%     14.34%
         530         540       8.8036671e-07    2.58681e-07    7.8444517e-07    2.31260e-07    9.9837483e-07    2.92259e-07       -10.90%     13.40%
         540         550       1.3898051e-06    3.26184e-07    1.2190501e-06    2.88110e-07    1.6023658e-06    3.73229e-07       -12.29%     15.29%
         550         560       1.1588569e-06    2.82770e-07    1.0324878e-06    2.53622e-07    1.3123790e-06    3.17848e-07       -10.90%     13.25%
         560         570       4.8926538e-07    1.21253e-07    4.3212601e-07    1.06892e-07    5.6003409e-07    1.39089e-07       -11.68%     14.46%
         570         580       4.5350351e-07    1.28085e-07    4.0197914e-07    1.14256e-07    5.1734856e-07    1.45094e-07       -11.36%     14.08%
         580         590       7.1309480e-07    1.40979e-07    6.2885534e-07    1.25243e-07    8.1757158e-07    1.60301e-07       -11.81%     14.65%
         590         600       5.5791584e-07    2.59186e-07    4.9420158e-07    2.33497e-07    6.3677808e-07    2.90045e-07       -11.42%     14.14%
         600         610       2.4530647e-07    7.35088e-08    2.1596446e-07    6.57976e-08    2.8185520e-07    8.28879e-08       -11.96%     14.90%
         610         620       1.7021017e-07    3.76411e-08    1.4626748e-07    3.25307e-08    2.0110040e-07    4.42319e-08       -14.07%     18.15%
         620         630       3.1268772e-07    6.97622e-08    2.7807868e-07    6.34475e-08    3.5554253e-07    7.73576e-08       -11.07%     13.71%
         630         640       1.8997440e-07    4.59786e-08    1.6182574e-07    4.00272e-08    2.2632028e-07    5.35446e-08       -14.82%     19.13%
         640         650       2.4183008e-07    7.46010e-08    2.1129997e-07    6.63346e-08    2.8026848e-07    8.47707e-08       -12.62%     15.89%
         650         660       5.2237345e-07    2.19320e-07    4.6281265e-07    1.96689e-07    5.9535345e-07    2.46552e-07       -11.40%     13.97%
         660         670       1.1040351e-07    2.70850e-08    9.5939488e-08    2.38049e-08    1.2885681e-07    3.11796e-08       -13.10%     16.71%
         670         680       2.1151099e-07    6.29010e-08    1.8446174e-07    5.61401e-08    2.4563836e-07    7.11895e-08       -12.79%     16.14%
         680         690       1.6686765e-07    5.27786e-08    1.4654451e-07    4.67608e-08    1.9229150e-07    6.02073e-08       -12.18%     15.24%
         690         700       1.8725144e-07    6.46474e-08    1.6317438e-07    5.76155e-08    2.1777949e-07    7.33277e-08       -12.86%     16.30%
         700         710       1.6504292e-07    5.16257e-08    1.4295775e-07    4.49639e-08    1.9308189e-07    6.00232e-08       -13.38%     16.99%
         710         720       1.4472566e-08    3.22173e-08    1.2440222e-08    2.77088e-08    1.7194124e-08    3.79707e-08       -14.04%     18.80%
         720         730       2.8131953e-07    9.40266e-08    2.4271337e-07    8.14429e-08    3.2982474e-07    1.09849e-07       -13.72%     17.24%
         730         740       6.1690895e-08    1.61418e-08    5.2894703e-08    1.39574e-08    7.3105274e-08    1.89584e-08       -14.26%     18.50%
         740         750       1.1382366e-07    3.46216e-08    9.8339024e-08    2.98986e-08    1.3348058e-07    4.06181e-08       -13.60%     17.27%
         750         760       7.4553871e-08    2.56750e-08    6.4074688e-08    2.24306e-08    8.7933964e-08    2.97369e-08       -14.06%     17.95%
         760         770       5.5866195e-08    2.66372e-08    4.9255835e-08    2.39975e-08    6.4141497e-08    2.98076e-08       -11.83%     14.81%
         770         780       1.0576108e-07    3.98759e-08    9.1917554e-08    3.52930e-08    1.2348521e-07    4.55440e-08       -13.09%     16.76%
         780         790       2.7488182e-08    7.14243e-09    2.3118408e-08    6.09169e-09    3.3222870e-08    8.50474e-09       -15.90%     20.86%
         790         800       7.6288332e-08    2.07132e-08    6.5299665e-08    1.77848e-08    9.0460277e-08    2.44870e-08       -14.40%     18.58%
         800         810       1.5693261e-07    6.61102e-08    1.3693799e-07    5.86356e-08    1.8212627e-07    7.52708e-08       -12.74%     16.05%
         810         820       2.0973897e-08    7.62126e-09    1.7164740e-08    6.13196e-09    2.6095937e-08    9.65216e-09       -18.16%     24.42%
         820         830       3.6874292e-08    1.29727e-08    3.1155601e-08    1.10466e-08    4.4361084e-08    1.54716e-08       -15.51%     20.30%
         830         840       2.3010554e-08    5.37228e-09    1.9246271e-08    4.49025e-09    2.7949574e-08    6.55118e-09       -16.36%     21.46%
         840         850       2.8451006e-09    1.26970e-08    2.5630848e-09    1.05827e-08    3.1467704e-09    1.55361e-08        -9.91%     10.60%
         850         860       3.0185954e-08    1.60173e-08    2.5852266e-08    1.40323e-08    3.5737582e-08    1.84976e-08       -14.36%     18.39%
         860         870       4.4235079e-08    2.02781e-08    3.8143811e-08    1.78835e-08    5.2103809e-08    2.32654e-08       -13.77%     17.79%
         870         880       3.3047252e-08    1.46967e-08    2.7656299e-08    1.22143e-08    4.0226802e-08    1.80338e-08       -16.31%     21.73%
         880         890       5.0299804e-08    2.14408e-08    4.2823843e-08    1.83230e-08    5.9994005e-08    2.54606e-08       -14.86%     19.27%
         890         900       1.2853032e-08    4.05347e-09    1.0750647e-08    3.43381e-09    1.5629974e-08    4.86117e-09       -16.36%     21.61%
         900         910       1.3133326e-08    4.76743e-09    1.1182319e-08    4.13245e-09    1.5677028e-08    5.57377e-09       -14.86%     19.37%
         910         920       4.5024987e-09    2.12819e-09    3.2521554e-09    1.78893e-09    6.3181770e-09    2.61925e-09       -27.77%     40.33%
         920         930       1.1321994e-08    4.01096e-09    9.1490384e-09    3.40467e-09    1.4289700e-08    4.80439e-09       -19.19%     26.21%
         930         940       1.0059950e-09    1.33706e-09    7.0546521e-10    1.13978e-09    1.4387631e-09    1.59879e-09       -29.87%     43.02%
         940         950       5.9882142e-08    3.96726e-08    5.1788381e-08    3.42364e-08    7.0136173e-08    4.65862e-08       -13.52%     17.12%
         950         960       1.3827636e-08    7.90706e-09    1.1338867e-08    6.68043e-09    1.7135538e-08    9.50548e-09       -18.00%     23.92%
         960         970       2.8968841e-09    1.45859e-09    2.4635861e-09    1.22236e-09    3.4562786e-09    1.77320e-09       -14.96%     19.31%
         970         980       1.7183819e-09    2.11702e-09    1.0502500e-09    1.98554e-09    2.7441190e-09    2.27791e-09       -38.88%     59.69%
         980         990       6.0041835e-09    2.37283e-09    4.7935331e-09    2.04724e-09    7.6792123e-09    2.80916e-09       -20.16%     27.90%
         990        1000       3.4281166e-09    1.27809e-09    2.8344393e-09    1.06605e-09    4.2172520e-09    1.55815e-09       -17.32%     23.02%
