#  left-edge  right-edge       scale-central  central-error        scale-min      min-error        scale-max      max-error      rel-down     rel-up
           0          10           3.6842650      0.0176020        2.9344830      0.0142245        4.4614851      0.0211242       -20.35%     21.10%
          10          20           4.0174311      0.0182376        3.2789285      0.0149018        4.7624092      0.0216277       -18.38%     18.54%
          20          30           1.7273058      0.0120374        1.4533826      0.0101531        1.9943261      0.0138867       -15.86%     15.46%
          30          40           1.1510579     0.00984244       0.99272291     0.00857032        1.3007245      0.0110425       -13.76%     13.00%
          40          50           1.2805533      0.0232771        1.1185814      0.0206570        1.4307380      0.0256438       -12.65%     11.73%
          50          60           2.2234550      0.0271798        1.9533805      0.0241558        2.4716094      0.0299130       -12.15%     11.16%
          60          70           3.0876690      0.0197157        2.7138252      0.0174567        3.4309376      0.0217951       -12.11%     11.12%
          70          80           3.3142596      0.0182748        2.9192130      0.0161673        3.6760411      0.0202158       -11.92%     10.92%
          80          90           2.5061538      0.0337924        2.2369802      0.0311290        2.7489547      0.0360880       -10.74%      9.69%
          90         100           1.9356846      0.0350301        1.7557533      0.0323438        2.0945138      0.0373299        -9.30%      8.21%
         100         110          0.36112895     0.00725768       0.33205137     0.00668564       0.38608358     0.00775037        -8.05%      6.91%
         110         120          0.26941496     0.00915180       0.24908532     0.00850883       0.28662886     0.00969164        -7.55%      6.39%
         120         130          0.24396046     0.00452568       0.22631839     0.00419516       0.25876769     0.00480599        -7.23%      6.07%
         130         140          0.20327905     0.00609242       0.19004971     0.00572385       0.21418438     0.00639454        -6.51%      5.36%
         140         150          0.18289701     0.00463582       0.17135454     0.00434122       0.19234193     0.00487820        -6.31%      5.16%
         150         160          0.13975467     0.00523935       0.13129509     0.00491853       0.14662420     0.00550192        -6.05%      4.92%
         160         170          0.13452865     0.00451455       0.12702596     0.00429003       0.14052678     0.00469077        -5.58%      4.46%
         170         180          0.10632474     0.00829714       0.10028311     0.00796573       0.11115176     0.00853999        -5.68%      4.54%
         180         190         0.091188866     0.00252001      0.086459789     0.00239649      0.094916503     0.00261870        -5.19%      4.09%
         190         200         0.075704256     0.00707792      0.071954986     0.00682630      0.078632855     0.00725414        -4.95%      3.87%
         200         210         0.075209551     0.00788441      0.072037405     0.00775333      0.077601998     0.00795065        -4.22%      3.18%
         210         220         0.065924245     0.00432558      0.062953017     0.00408676      0.068193548     0.00451735        -4.51%      3.44%
         220         230         0.054944169     0.00292768      0.052699973     0.00279176      0.056620972     0.00303295        -4.08%      3.05%
         230         240         0.047909788     0.00173373      0.046120852     0.00168391      0.049222213     0.00177093        -3.73%      2.74%
         240         250         0.038418647     0.00268212      0.037101572     0.00260531      0.039362296     0.00273592        -3.43%      2.46%
         250         260         0.031135218     0.00187780      0.029952177     0.00183678      0.032002950     0.00190367        -3.80%      2.79%
         260         270         0.036352037     0.00137201      0.035215186     0.00132696      0.037139893     0.00140401        -3.13%      2.17%
         270         280         0.038466400     0.00581254      0.037813142     0.00591277      0.038801989     0.00568533        -1.70%      0.87%
         280         290         0.032028632     0.00399042      0.031118403     0.00388699      0.032637770     0.00405607        -2.84%      1.90%
         290         300         0.016500023     0.00404541      0.016086021     0.00395262      0.016769016     0.00410111        -2.51%      1.63%
         300         310         0.014981094     0.00559400      0.014319593     0.00570647      0.015478943     0.00545705        -4.42%      3.32%
         310         320         0.026442665     0.00486207      0.025738402     0.00472929      0.026901521     0.00494847        -2.66%      1.74%
         320         330         0.011814789     0.00372125      0.011618322     0.00361118      0.011915849     0.00379491        -1.66%      0.86%
         330         340        0.0036723718     0.00744077     0.0035027436     0.00733725     0.0038041486     0.00748389        -4.62%      3.59%
         340         350         0.011642094    0.000837048      0.011403270    0.000824903      0.011779782    0.000843325        -2.05%      1.18%
         350         360         0.011230756    0.000847945      0.011068831    0.000840483      0.011306495    0.000849833        -1.44%      0.67%
         360         370         0.010019837     0.00331531     0.0099270080     0.00323320      0.010041385     0.00336699        -0.93%      0.22%
         370         380        0.0091200045    0.000852124     0.0090074788    0.000842215     0.0091644115    0.000855696        -1.23%      0.49%
         380         390        0.0081127056     0.00107757     0.0080524711     0.00105811     0.0081166960     0.00108835        -0.74%      0.05%
         390         400        0.0085240332    0.000930272     0.0084400976    0.000926224     0.0085457059    0.000928228        -0.98%      0.25%
         400         410        0.0074730425    0.000655303     0.0073553382    0.000665549     0.0075552061    0.000641994        -1.58%      1.10%
         410         420        0.0066101915    0.000724155     0.0065874191    0.000714060     0.0066101915    0.000724155        -0.34%   0.00000%
         420         430        0.0060675677    0.000567868     0.0059958657    0.000581586     0.0060932731    0.000553551        -1.18%      0.42%
         430         440        0.0058246175    0.000449754     0.0058041842    0.000448951     0.0058246175    0.000449754        -0.35%   0.00000%
         440         450        0.0054432254    0.000384298     0.0054086535    0.000382203     0.0054451982    0.000384159        -0.64%      0.04%
         450         460        0.0061506891    0.000842962     0.0061157303    0.000842408     0.0061506891    0.000842962        -0.57%   0.00000%
         460         470        0.0031570762    0.000743303     0.0031095904    0.000739636     0.0031916539    0.000742297        -1.50%      1.10%
         470         480        0.0074379284     0.00198013     0.0073133636     0.00193864     0.0075280381     0.00201348        -1.67%      1.21%
         480         490         0.011868082     0.00512676      0.011706958     0.00506295      0.011968282     0.00516302        -1.36%      0.84%
         490         500       -0.0072077573     0.00545996    -0.0072926438     0.00550696    -0.0070873607     0.00538470         1.18%     -1.67%
         500         510        0.0037026924    0.000642864     0.0036305928    0.000621812     0.0037616132    0.000663387        -1.95%      1.59%
         510         520        0.0012731514    0.000846902     0.0012605571    0.000831179     0.0012798718    0.000860090        -0.99%      0.53%
         520         530        0.0021497767    0.000410359     0.0021179870    0.000400825     0.0021733718    0.000418536        -1.48%      1.10%
         530         540        0.0030840558    0.000462976     0.0030116285    0.000454180     0.0031472812    0.000470141        -2.35%      2.05%
         540         550        0.0023897995    0.000410372     0.0023315068    0.000393607     0.0024415862    0.000427923        -2.44%      2.17%
         550         560        0.0031518397    0.000346106     0.0030948062    0.000339246     0.0031972654    0.000351715        -1.81%      1.44%
         560         570        0.0011728674    0.000422821     0.0011594973    0.000407738     0.0011797794    0.000438085        -1.14%      0.59%
         570         580        0.0021937800    0.000307865     0.0021465068    0.000302082     0.0022345210    0.000312727        -2.15%      1.86%
         580         590        0.0030936900    0.000714060     0.0029873535    0.000681292     0.0031996408    0.000748713        -3.44%      3.42%
         590         600        0.0014684976    0.000309620     0.0014342909    0.000300825     0.0014986124    0.000317778        -2.33%      2.05%
         600         610        0.0021750194    0.000216498     0.0021156248    0.000208995     0.0022296423    0.000223858        -2.73%      2.51%
         610         620        0.0013506209    0.000226069     0.0013106872    0.000219954     0.0013883471    0.000231679        -2.96%      2.79%
         620         630        0.0027111627    0.000746509     0.0026327012    0.000719033     0.0027854238    0.000773767        -2.89%      2.74%
         630         640        0.0011971978    0.000303914     0.0011664150    0.000296575     0.0012247821    0.000310567        -2.57%      2.30%
         640         650        0.0013424144    0.000358983     0.0012947041    0.000348808     0.0013900782    0.000368649        -3.55%      3.55%
         650         660       0.00055018301    0.000320913    0.00053281717    0.000309356    0.00056680767    0.000332537        -3.16%      3.02%
         660         670        0.0013180809    0.000170442     0.0012756714    0.000165307     0.0013589965    0.000175347        -3.22%      3.10%
         670         680        0.0040001918     0.00288931     0.0039182262     0.00282212     0.0040655923     0.00294634        -2.05%      1.63%
         680         690        0.0013196417    0.000308865     0.0012769790    0.000299595     0.0013610346    0.000317718        -3.23%      3.14%
         690         700       0.00068678935    0.000216054    0.00066156870    0.000206633    0.00071226214    0.000225676        -3.67%      3.71%
         700         710       0.00058651013    0.000158416    0.00057083740    0.000150831    0.00060081923    0.000166439        -2.67%      2.44%
         710         720       0.00089391130    0.000182748    0.00086458765    0.000175934    0.00092263149    0.000189516        -3.28%      3.21%
         720         730       0.00067644902    0.000148125    0.00065084249    0.000142466    0.00070302760    0.000153849        -3.79%      3.93%
         730         740       0.00087851855    9.85671e-05    0.00084751944    9.44653e-05    0.00090882111    0.000102891        -3.53%      3.45%
         740         750        0.0010049127    0.000137148    0.00096889128    0.000132628     0.0010406880    0.000141557        -3.58%      3.56%
         750         760        0.0025157624     0.00134446     0.0023622126     0.00125253     0.0026820619     0.00144498        -6.10%      6.61%
         760         770       -0.0014525024     0.00136801    -0.0015678329     0.00146865    -0.0013474960     0.00127589         7.94%     -7.23%
         770         780       0.00048743183    0.000151890    0.00046080419    0.000145687    0.00051668829    0.000158279        -5.46%      6.00%
         780         790       0.00014737987    0.000276242    0.00014477269    0.000263357    0.00014961271    0.000289631        -1.77%      1.52%
         790         800       0.00040271050    0.000116654    0.00038780885    0.000110664    0.00041771551    0.000123074        -3.70%      3.73%
         800         810       0.00096975569    0.000227594    0.00093167783    0.000221385     0.0010086466    0.000233376        -3.93%      4.01%
         810         820      -0.00067705432    0.000788474   -0.00072652433    0.000847918   -0.00063344979    0.000735686         7.31%     -6.44%
         820         830       0.00078450508    0.000130287    0.00074513080    0.000123767    0.00082644470    0.000137294        -5.02%      5.35%
         830         840       0.00037139039    6.75452e-05    0.00035320521    6.38427e-05    0.00039091620    7.15733e-05        -4.90%      5.26%
         840         850       0.00039982713    6.20139e-05    0.00038026139    5.92003e-05    0.00042052103    6.49608e-05        -4.89%      5.18%
         850         860       0.00038987672    4.34143e-05    0.00036894938    4.10486e-05    0.00041254443    4.59879e-05        -5.37%      5.81%
         860         870       0.00028049577    0.000133891    0.00026938704    0.000130236    0.00029187616    0.000137272        -3.96%      4.06%
         870         880       0.00041407810    6.63683e-05    0.00039646337    6.35742e-05    0.00043248118    6.92608e-05        -4.25%      4.44%
         880         890       0.00035696869    5.16925e-05    0.00034072666    4.93520e-05    0.00037397799    5.41944e-05        -4.55%      4.76%
         890         900       0.00015956318    8.93623e-05    0.00015214407    8.52733e-05    0.00016762745    9.36448e-05        -4.65%      5.05%
         900         910       0.00053542427    0.000188024    0.00050953389    0.000179641    0.00056286311    0.000196770        -4.84%      5.12%
         910         920       4.0047574e-05    0.000202031    3.3327725e-05    0.000193640    4.8181802e-05    0.000210632       -16.78%     20.31%
         920         930       0.00025400403    0.000131635    0.00023656247    0.000125698    0.00027381147    0.000137783        -6.87%      7.80%
         930         940       0.00023149851    6.55349e-05    0.00021906707    6.24708e-05    0.00024488485    6.87384e-05        -5.37%      5.78%
         940         950       0.00038907170    8.22465e-05    0.00037268827    7.85974e-05    0.00040591565    8.60892e-05        -4.21%      4.33%
         950         960       0.00023695515    3.80310e-05    0.00022267256    3.58010e-05    0.00025269885    4.04689e-05        -6.03%      6.64%
         960         970       0.00015070150    0.000225232    0.00013981687    0.000216208    0.00016311896    0.000234316        -7.22%      8.24%
         970         980       0.00030731590    4.33131e-05    0.00029051271    4.10480e-05    0.00032552378    4.57511e-05        -5.47%      5.92%
         980         990       0.00017702082    4.29744e-05    0.00016557496    4.04626e-05    0.00018980336    4.57151e-05        -6.47%      7.22%
         990        1000       0.00027085489    5.81725e-05    0.00025166405    5.43260e-05    0.00029255255    6.24808e-05        -7.09%      8.01%
