#  left-edge  right-edge       scale-central  central-error        scale-min      min-error        scale-max      max-error      rel-down     rel-up
           0           5                   0              0                0              0                0              0            0%         0%
           5          10                   0              0                0              0                0              0            0%         0%
          10          15                   0              0                0              0                0              0            0%         0%
          15          20                   0              0                0              0                0              0            0%         0%
          20          25                   0              0                0              0                0              0            0%         0%
          25          30                   0              0                0              0                0              0            0%         0%
          30          35                   0              0                0              0                0              0            0%         0%
          35          40                   0              0                0              0                0              0            0%         0%
          40          45                   0              0                0              0                0              0            0%         0%
          45          50                   0              0                0              0                0              0            0%         0%
          50          55                   0              0                0              0                0              0            0%         0%
          55          60                   0              0                0              0                0              0            0%         0%
          60          65                   0              0                0              0                0              0            0%         0%
          65          70                   0              0                0              0                0              0            0%         0%
          70          75       0.00072898180    3.52743e-05    0.00061732160    2.98987e-05    0.00083682583    4.05275e-05       -15.32%     14.79%
          75          80        0.0016718345    5.23820e-05     0.0014203351    4.46265e-05     0.0019137281    5.98981e-05       -15.04%     14.47%
          80          85        0.0037769239    7.18824e-05     0.0032189601    6.14644e-05     0.0043113933    8.19480e-05       -14.77%     14.15%
          85          90         0.031019115    0.000222205      0.026545585    0.000190888      0.035283448    0.000252308       -14.42%     13.75%
          90          95          0.12136604    0.000469899       0.10410567    0.000404554       0.13777298    0.000532597       -14.22%     13.52%
          95         100         0.015042700    0.000163566      0.012956319    0.000141268      0.017016351    0.000184917       -13.87%     13.12%
         100         105        0.0060882415    0.000116583     0.0052767969    0.000101154     0.0068504021    0.000131277       -13.33%     12.52%
         105         110        0.0054106034    0.000100602     0.0047209543    8.78233e-05     0.0060535441    0.000112647       -12.75%     11.88%
         110         115        0.0090723706    0.000122004     0.0079536999    0.000107045      0.010109076    0.000135969       -12.33%     11.43%
         115         120         0.012394672    0.000124997      0.010915897    0.000110278      0.013757398    0.000138607       -11.93%     10.99%
         120         125         0.013687844    0.000123533      0.012099435    0.000109360      0.015144569    0.000136567       -11.60%     10.64%
         125         130         0.014482022    0.000126415      0.012833625    0.000112138      0.015988118    0.000139524       -11.38%     10.40%
         130         135         0.014191805    0.000119605      0.012598748    0.000106326      0.015643459    0.000131781       -11.23%     10.23%
         135         140         0.014562258    0.000121530      0.012974370    0.000108297      0.016002195    0.000133631       -10.90%      9.89%
         140         145         0.014674776    0.000120391      0.013111603    0.000107727      0.016086383    0.000131862       -10.65%      9.62%
         145         150         0.014336601    0.000116262      0.012838337    0.000104249      0.015684986    0.000127119       -10.45%      9.41%
         150         155         0.014211041    0.000116526      0.012745309    0.000104553      0.015527015    0.000127379       -10.31%      9.26%
         155         160         0.013589152    0.000111868      0.012220980    0.000100706      0.014812197    0.000121917       -10.07%      9.00%
         160         165         0.013508621    0.000109130      0.012162159    9.80166e-05      0.014709828    0.000119270        -9.97%      8.89%
         165         170         0.014105217    0.000112251      0.012727083    0.000101250      0.015330522    0.000122182        -9.77%      8.69%
         170         175         0.015737589    0.000117194      0.014218005    0.000106075      0.017085351    0.000127143        -9.66%      8.56%
         175         180         0.021815144    0.000140573      0.019744180    0.000127600      0.023646337    0.000152124        -9.49%      8.39%
         180         185         0.050004717    0.000213835      0.045264262    0.000194345      0.054192777    0.000231232        -9.48%      8.38%
         185         190         0.095990225    0.000296376      0.087072213    0.000269998       0.10384106    0.000319820        -9.29%      8.18%
         190         195          0.11627036    0.000324768       0.10565838    0.000296373       0.12558289    0.000349938        -9.13%      8.01%
         195         200          0.12217993    0.000330288       0.11126229    0.000302016       0.13172587    0.000355256        -8.94%      7.81%
         200         205          0.12081434    0.000328335       0.11023728    0.000300826       0.13002974    0.000352537        -8.75%      7.63%
         205         210          0.11722203    0.000323886       0.10714887    0.000297315       0.12596999    0.000347194        -8.59%      7.46%
         210         215          0.11071610    0.000313326       0.10136420    0.000287997       0.11881264    0.000335501        -8.45%      7.31%
         215         220          0.10330344    0.000302822      0.094764315    0.000278891       0.11066908    0.000323682        -8.27%      7.13%
         220         225         0.097137079    0.000294899      0.089290736    0.000272160       0.10387834    0.000314620        -8.08%      6.94%
         225         230         0.090304613    0.000284204      0.083156350    0.000262739      0.096424511    0.000302760        -7.92%      6.78%
         230         235         0.083520435    0.000274212      0.077021122    0.000253866      0.089067672    0.000291755        -7.78%      6.64%
         235         240         0.077044656    0.000264389      0.071191204    0.000245253      0.082019950    0.000280807        -7.60%      6.46%
         240         245         0.071982881    0.000255365      0.066606252    0.000237208      0.076538411    0.000270904        -7.47%      6.33%
         245         250         0.066567601    0.000245370      0.061694681    0.000228251      0.070681855    0.000259968        -7.32%      6.18%
         250         255         0.061600081    0.000237584      0.057170012    0.000221357      0.065328647    0.000251383        -7.19%      6.05%
         255         260         0.057318626    0.000228301      0.053267754    0.000212917      0.060716770    0.000241358        -7.07%      5.93%
         260         265         0.052679803    0.000218767      0.049049049    0.000204430      0.055712047    0.000230862        -6.89%      5.76%
         265         270         0.049433842    0.000214612      0.046096335    0.000200852      0.052210463    0.000226175        -6.75%      5.62%
         270         275         0.046066908    0.000207471      0.043009096    0.000194408      0.048602756    0.000218421        -6.64%      5.50%
         275         280         0.042449025    0.000198511      0.039683590    0.000186215      0.044734778    0.000208792        -6.51%      5.38%
         280         285         0.039557110    0.000192979      0.037037225    0.000181358      0.041631032    0.000202641        -6.37%      5.24%
         285         290         0.037208383    0.000186811      0.034902263    0.000175830      0.039096603    0.000195888        -6.20%      5.07%
         290         295         0.034720809    0.000182120      0.032599325    0.000171606      0.036453307    0.000190798        -6.11%      4.99%
         295         300         0.032653498    0.000177911      0.030717944    0.000167960      0.034225061    0.000186063        -5.93%      4.81%
         300         305         0.030245648    0.000169969      0.028473039    0.000160578      0.031681537    0.000177658        -5.86%      4.75%
         305         310         0.028567848    0.000166953      0.026939606    0.000157998      0.029879699    0.000174225        -5.70%      4.59%
         310         315         0.026390965    0.000158729      0.024911534    0.000150335      0.027579030    0.000165532        -5.61%      4.50%
         315         320         0.024867312    0.000155151      0.023498005    0.000147150      0.025962864    0.000161618        -5.51%      4.41%
         320         325         0.023616416    0.000152574      0.022342670    0.000144878      0.024631153    0.000158765        -5.39%      4.30%
         325         330         0.021751772    0.000146034      0.020610613    0.000138818      0.022655802    0.000151805        -5.25%      4.16%
         330         335         0.020245655    0.000140090      0.019196081    0.000133193      0.021074946    0.000145620        -5.18%      4.10%
         335         340         0.019413077    0.000140141      0.018439448    0.000133607      0.020177145    0.000145312        -5.02%      3.94%
         340         345         0.018164689    0.000134366      0.017261919    0.000128088      0.018871693    0.000139346        -4.97%      3.89%
         345         350         0.017071587    0.000130952      0.016248634    0.000125107      0.017711874    0.000135533        -4.82%      3.75%
         350         355         0.015973704    0.000125749      0.015215518    0.000120155      0.016561556    0.000130136        -4.75%      3.68%
         355         360         0.015186799    0.000122646      0.014479316    0.000117310      0.015733040    0.000126819        -4.66%      3.60%
         360         365         0.014448963    0.000121461      0.013797188    0.000116411      0.014948624    0.000125366        -4.51%      3.46%
         365         370         0.013604295    0.000118178      0.013010191    0.000113368      0.014056255    0.000121883        -4.37%      3.32%
         370         375         0.012925292    0.000113156      0.012374872    0.000108638      0.013341566    0.000116610        -4.26%      3.22%
         375         380         0.012202182    0.000111538      0.011693686    0.000107226      0.012584707    0.000114812        -4.17%      3.13%
         380         385         0.011831651    0.000112500      0.011351873    0.000108286      0.012190103    0.000115658        -4.06%      3.03%
         385         390         0.011291766    0.000111234      0.010843640    0.000107122      0.011624704    0.000114304        -3.97%      2.95%
         390         395         0.010492691    0.000105196      0.010089422    0.000101435      0.010789780    0.000107988        -3.84%      2.83%
         395         400        0.0099826819    0.000106402     0.0096027034    0.000102737      0.010261806    0.000109112        -3.81%      2.80%
         400         405        0.0092469553    9.89343e-05     0.0089123816    9.57398e-05     0.0094894509    0.000101229        -3.62%      2.62%
         405         410        0.0093355384    0.000389950     0.0090240812    0.000393196     0.0095568276    0.000384708        -3.34%      2.37%
         410         415        0.0085105308    9.46434e-05     0.0082130702    9.16331e-05     0.0087240680    9.68119e-05        -3.50%      2.51%
         415         420        0.0079473422    9.23223e-05     0.0076714062    8.94338e-05     0.0081450109    9.44052e-05        -3.47%      2.49%
         420         425        0.0077095995    9.13795e-05     0.0074534669    8.86784e-05     0.0078906655    9.32758e-05        -3.32%      2.35%
         425         430        0.0077032963    0.000318329     0.0074687340    0.000315842     0.0078646823    0.000318505        -3.04%      2.10%
         430         435        0.0069282935    8.74091e-05     0.0067124429    8.50126e-05     0.0070778765    8.90638e-05        -3.12%      2.16%
         435         440        0.0064047269    8.48966e-05     0.0062081345    8.27166e-05     0.0065403400    8.63835e-05        -3.07%      2.12%
         440         445        0.0066091005    0.000261179     0.0064263344    0.000265630     0.0067311384    0.000255755        -2.77%      1.85%
         445         450        0.0059168545    8.22750e-05     0.0057428342    8.01675e-05     0.0060351374    8.37160e-05        -2.94%      2.00%
         450         455        0.0057216526    8.07504e-05     0.0055703200    7.88208e-05     0.0058204391    8.19881e-05        -2.64%      1.73%
         455         460        0.0054693472    7.96713e-05     0.0053179617    7.78359e-05     0.0055700348    8.08604e-05        -2.77%      1.84%
         460         465        0.0050591018    7.45559e-05     0.0049294571    7.29637e-05     0.0051427849    7.55440e-05        -2.56%      1.65%
         465         470        0.0049901754    7.51364e-05     0.0048682891    7.35475e-05     0.0050672413    7.61151e-05        -2.44%      1.54%
         470         475        0.0046397425    7.22318e-05     0.0045312549    7.07478e-05     0.0047070112    7.31201e-05        -2.34%      1.45%
         475         480        0.0046576012    7.44668e-05     0.0045478127    7.31002e-05     0.0047259573    7.52609e-05        -2.36%      1.47%
         480         485        0.0042799683    7.11266e-05     0.0041794149    6.98135e-05     0.0043424841    7.18976e-05        -2.35%      1.46%
         485         490        0.0040616883    6.88667e-05     0.0039738191    6.74221e-05     0.0041140321    6.98006e-05        -2.16%      1.29%
         490         495        0.0039339352    6.76512e-05     0.0038514356    6.64664e-05     0.0039823546    6.83090e-05        -2.10%      1.23%
         495         500        0.0038647615    6.65526e-05     0.0037819361    6.52807e-05     0.0039139025    6.73146e-05        -2.14%      1.27%
