#  left-edge  right-edge       scale-central  central-error        scale-min      min-error        scale-max      max-error      rel-down     rel-up
           0          10          0.18532729    0.000355516       0.16444797    0.000308326       0.20460539    0.000401935       -11.27%     10.40%
          10          20          0.51631467    0.000709837       0.45435597    0.000620507       0.57395796    0.000795134       -12.00%     11.16%
          20          30          0.47164654    0.000520538       0.41796530    0.000460294       0.52119931    0.000577519       -11.38%     10.51%
          30          40          0.17980653    0.000256851       0.16602107    0.000239592       0.19169618    0.000271943        -7.67%      6.61%
          40          50          0.13134940    0.000221302       0.12257277    0.000208524       0.13872121    0.000232184        -6.68%      5.61%
          50          60          0.10012846    0.000192334      0.093829748    0.000181817       0.10536411    0.000201241        -6.29%      5.23%
          60          70         0.075480861    0.000163575      0.070908635    0.000155205      0.079259437    0.000170638        -6.06%      5.01%
          70          80         0.050077168    0.000123592      0.047171830    0.000117204      0.052463562    0.000128993        -5.80%      4.77%
          80          90         0.024143485    9.35756e-05      0.022891322    9.08163e-05      0.025155504    9.62131e-05        -5.19%      4.19%
          90         100        0.0055595115    3.64495e-05     0.0054197900    3.63648e-05     0.0056543208    3.63727e-05        -2.51%      1.71%
         100         110        0.0025298872    2.13709e-05     0.0025082987    2.17643e-05     0.0025352713    2.09567e-05        -0.85%      0.21%
         110         120        0.0015873181    2.08048e-05     0.0015792017    2.02055e-05     0.0015873181    2.08048e-05        -0.51%   0.00000%
         120         130        0.0010199480    1.49957e-05     0.0010072691    1.45133e-05     0.0010282334    1.54858e-05        -1.24%      0.81%
         130         140       0.00071926973    2.52658e-05    0.00070278101    2.27108e-05    0.00073432546    2.83754e-05        -2.29%      2.09%
         140         150       0.00049554186    1.10778e-05    0.00048275156    1.04319e-05    0.00050750385    1.18013e-05        -2.58%      2.41%
         150         160       0.00035049368    7.28659e-06    0.00034095672    6.92897e-06    0.00035946753    7.67804e-06        -2.72%      2.56%
         160         170       0.00025795898    6.00371e-06    0.00024997725    5.71340e-06    0.00026568999    6.31729e-06        -3.09%      3.00%
         170         180       0.00021220398    7.07036e-06    0.00020403819    6.53310e-06    0.00022059479    7.70773e-06        -3.85%      3.95%
         180         190       0.00017082106    7.34691e-06    0.00016364016    6.83648e-06    0.00017828214    7.94432e-06        -4.20%      4.37%
         190         200       0.00010646379    3.19467e-06    0.00010222317    3.01570e-06    0.00011080869    3.39182e-06        -3.98%      4.08%
         200         210       9.5179439e-05    3.30170e-06    9.0882202e-05    3.10321e-06    9.9699545e-05    3.52428e-06        -4.51%      4.75%
         210         220       7.5727930e-05    3.36820e-06    7.2112489e-05    3.14457e-06    7.9582534e-05    3.62375e-06        -4.77%      5.09%
         220         230       6.3160255e-05    3.15047e-06    6.0078319e-05    2.97338e-06    6.6430359e-05    3.34290e-06        -4.88%      5.18%
         230         240       4.7290430e-05    2.53831e-06    4.4923518e-05    2.38850e-06    4.9815976e-05    2.70296e-06        -5.01%      5.34%
         240         250       4.7940103e-05    4.43200e-06    4.5128538e-05    4.10212e-06    5.1019904e-05    4.80703e-06        -5.86%      6.42%
         250         260       3.6889599e-05    3.68446e-06    3.4662202e-05    3.40224e-06    3.9337385e-05    4.00462e-06        -6.04%      6.64%
         260         270       2.7128028e-05    1.56915e-06    2.5515043e-05    1.45854e-06    2.8906688e-05    1.69523e-06        -5.95%      6.56%
         270         280       1.6799813e-05    9.14166e-07    1.5851590e-05    8.55606e-07    1.7834329e-05    9.79849e-07        -5.64%      6.16%
         280         290       2.0175923e-05    1.52755e-06    1.8815694e-05    1.42027e-06    2.1709931e-05    1.64994e-06        -6.74%      7.60%
         290         300       2.1417529e-05    3.16882e-06    1.9915925e-05    2.88710e-06    2.3112959e-05    3.49699e-06        -7.01%      7.92%
         300         310       1.4372547e-05    1.71667e-06    1.3406455e-05    1.58861e-06    1.5455450e-05    1.86138e-06        -6.72%      7.53%
         310         320       1.3289119e-05    1.20845e-06    1.2329435e-05    1.10618e-06    1.4381382e-05    1.32864e-06        -7.22%      8.22%
         320         330       7.3988365e-06    8.17979e-07    6.8739952e-06    7.46200e-07    7.9934123e-06    9.01838e-07        -7.09%      8.04%
         330         340       9.8957965e-06    1.27772e-06    9.1284250e-06    1.17049e-06    1.0777495e-05    1.40222e-06        -7.75%      8.91%
         340         350       3.8472754e-06    3.38472e-07    3.5730173e-06    3.13763e-07    4.1584521e-06    3.66851e-07        -7.13%      8.09%
         350         360       5.6872034e-06    6.39059e-07    5.2480488e-06    5.86185e-07    6.1923017e-06    7.00568e-07        -7.72%      8.88%
         360         370       5.1446388e-06    8.81879e-07    4.7512046e-06    8.11317e-07    5.5939445e-06    9.62849e-07        -7.65%      8.73%
         370         380       5.0390123e-06    1.04582e-06    4.6176245e-06    9.44041e-07    5.5290470e-06    1.16581e-06        -8.36%      9.72%
         380         390       2.2700295e-06    2.94960e-07    2.1050029e-06    2.73235e-07    2.4580511e-06    3.19686e-07        -7.27%      8.28%
         390         400       2.6362692e-06    3.66065e-07    2.4311056e-06    3.39956e-07    2.8727911e-06    3.95665e-07        -7.78%      8.97%
         400         410       3.0152899e-06    4.17491e-07    2.7582812e-06    3.82597e-07    3.3160603e-06    4.58287e-07        -8.52%      9.97%
         410         420       1.9586261e-06    3.09108e-07    1.8097966e-06    2.87121e-07    2.1304110e-06    3.34701e-07        -7.60%      8.77%
         420         430       1.5942613e-06    3.26209e-07    1.4681120e-06    3.00971e-07    1.7397116e-06    3.55048e-07        -7.91%      9.12%
         430         440       2.4040979e-06    4.41046e-07    2.1843125e-06    3.95978e-07    2.6652297e-06    4.96366e-07        -9.14%     10.86%
         440         450       1.2907553e-06    2.32153e-07    1.1812462e-06    2.12584e-07    1.4183352e-06    2.54989e-07        -8.48%      9.88%
         450         460       8.4810429e-07    2.10288e-07    7.6327417e-07    1.87899e-07    9.4915455e-07    2.36943e-07       -10.00%     11.91%
         460         470       1.2522299e-06    3.26281e-07    1.1353459e-06    2.92513e-07    1.3902223e-06    3.66670e-07        -9.33%     11.02%
         470         480       7.1268635e-07    1.29273e-07    6.5043195e-07    1.19005e-07    7.8561790e-07    1.41083e-07        -8.74%     10.23%
         480         490       8.7718391e-07    1.95805e-07    7.9963727e-07    1.78867e-07    9.6870654e-07    2.15745e-07        -8.84%     10.43%
         490         500       6.0537968e-07    1.49138e-07    5.4711185e-07    1.35921e-07    6.7504032e-07    1.64754e-07        -9.63%     11.51%
         500         510       5.5164578e-07    1.75270e-07    4.9617983e-07    1.58719e-07    6.1808719e-07    1.94757e-07       -10.05%     12.04%
         510         520       2.3655807e-07    4.75658e-08    2.1349350e-07    4.27445e-08    2.6431297e-07    5.35414e-08        -9.75%     11.73%
         520         530       5.1887873e-07    1.55997e-07    4.7280524e-07    1.42474e-07    5.7310078e-07    1.71798e-07        -8.88%     10.45%
         530         540       2.6489982e-07    6.32904e-08    2.3853384e-07    5.80527e-08    2.9735196e-07    6.97298e-08        -9.95%     12.25%
         540         550       3.8442879e-07    1.23099e-07    3.3825938e-07    1.07615e-07    4.4186537e-07    1.42432e-07       -12.01%     14.94%
         550         560       4.1134295e-07    9.93369e-08    3.7025856e-07    9.02298e-08    4.6098278e-07    1.10303e-07        -9.99%     12.07%
         560         570       1.2142245e-07    2.88070e-08    1.0789901e-07    2.53411e-08    1.3800681e-07    3.31239e-08       -11.14%     13.66%
         570         580       2.9574550e-07    1.38692e-07    2.6391189e-07    1.25017e-07    3.3442836e-07    1.54973e-07       -10.76%     13.08%
         580         590       3.0519297e-07    1.10359e-07    2.6804779e-07    9.55678e-08    3.5125438e-07    1.28990e-07       -12.17%     15.09%
         590         600       2.9053605e-07    8.25627e-08    2.6282313e-07    7.52258e-08    3.2340051e-07    9.11202e-08        -9.54%     11.31%
         600         610       2.4347704e-07    9.57586e-08    2.2086688e-07    8.81952e-08    2.7035718e-07    1.04446e-07        -9.29%     11.04%
         610         620       1.7999520e-07    7.61776e-08    1.5700297e-07    6.63066e-08    2.0880026e-07    8.85040e-08       -12.77%     16.00%
         620         630       1.0133715e-07    3.18864e-08    9.0721569e-08    2.90018e-08    1.1432752e-07    3.53615e-08       -10.48%     12.82%
         630         640       1.3853289e-07    5.78498e-08    1.2144577e-07    5.02683e-08    1.5981653e-07    6.73802e-08       -12.33%     15.36%
         640         650       1.0901591e-07    2.95412e-08    9.6929651e-08    2.63708e-08    1.2378603e-07    3.33947e-08       -11.09%     13.55%
         650         660       7.8379899e-08    2.14263e-08    6.8992607e-08    1.88926e-08    9.0032101e-08    2.45789e-08       -11.98%     14.87%
         660         670       5.1145516e-08    1.37406e-08    4.4641597e-08    1.19822e-08    5.9271838e-08    1.59390e-08       -12.72%     15.89%
         670         680       1.8984643e-08    7.35018e-09    1.6266488e-08    6.21009e-09    2.2504331e-08    8.85606e-09       -14.32%     18.54%
         680         690       9.3187075e-08    3.86228e-08    8.1434547e-08    3.39283e-08    1.0791113e-07    4.44830e-08       -12.61%     15.80%
         690         700       1.7692117e-06    1.22175e-06    1.4767109e-06    1.01792e-06    2.1533914e-06    1.48982e-06       -16.53%     21.71%
         700         710       1.0074631e-07    4.16221e-08    8.6728476e-08    3.55631e-08    1.1864456e-07    4.94371e-08       -13.91%     17.77%
         710         720       4.0967920e-08    1.90979e-08    3.6298283e-08    1.72344e-08    4.6766926e-08    2.13317e-08       -11.40%     14.15%
         720         730       2.4420730e-08    1.01775e-08    2.0886589e-08    8.76203e-09    2.9006202e-08    1.19970e-08       -14.47%     18.78%
         730         740       1.1043814e-07    6.91054e-08    9.8774958e-08    6.21235e-08    1.2453478e-07    7.74478e-08       -10.56%     12.76%
         740         750       1.1029786e-07    4.82276e-08    9.4444575e-08    4.14574e-08    1.3063451e-07    5.68568e-08       -14.37%     18.44%
         750         760       4.0173153e-09    1.47642e-09    3.3904166e-09    1.24049e-09    4.8549368e-09    1.79487e-09       -15.60%     20.85%
         760         770       1.6823706e-08    4.44933e-09    1.4299479e-08    3.78000e-09    2.0115521e-08    5.32592e-09       -15.00%     19.57%
         770         780       4.5954328e-08    2.30435e-08    4.0474979e-08    2.05018e-08    5.2799965e-08    2.61425e-08       -11.92%     14.90%
         780         790       1.7600567e-08    1.03750e-08    1.4987787e-08    8.87222e-09    2.1000067e-08    1.23143e-08       -14.84%     19.31%
         790         800       8.7094340e-09    5.01941e-09    7.7847237e-09    4.51990e-09    9.8432691e-09    5.62012e-09       -10.62%     13.02%
         800         810       2.3587418e-08    1.58825e-08    1.9747859e-08    1.33034e-08    2.8655408e-08    1.92842e-08       -16.28%     21.49%
         810         820       5.0366488e-08    2.47402e-08    4.4534503e-08    2.19976e-08    5.7574322e-08    2.80863e-08       -11.58%     14.31%
         820         830       4.6819034e-07    2.06077e-07    4.0172725e-07    1.76090e-07    5.5322848e-07    2.45449e-07       -14.20%     18.16%
         830         840       1.3691092e-08    6.45758e-09    1.2247916e-08    5.82700e-09    1.5460294e-08    7.21896e-09       -10.54%     12.92%
         840         850       1.0122284e-08    3.90129e-09    8.8855621e-09    3.46510e-09    1.1682745e-08    4.43975e-09       -12.22%     15.42%
         850         860       1.3414891e-08    5.72147e-09    1.1667664e-08    5.03053e-09    1.5641356e-08    6.59082e-09       -13.02%     16.60%
         860         870       8.6530776e-09    3.85152e-09    7.1638457e-09    3.18924e-09    1.0658974e-08    4.74442e-09       -17.21%     23.18%
         870         880       1.9693780e-09    8.57912e-10    1.6307582e-09    7.10929e-10    2.4160021e-09    1.05094e-09       -17.19%     22.68%
         880         890       3.5936226e-09    1.76945e-09    2.9945343e-09    1.46285e-09    4.3972511e-09    2.18559e-09       -16.67%     22.36%
         890         900       1.2646820e-08    5.64736e-09    1.0534344e-08    4.66046e-09    1.5458862e-08    6.97594e-09       -16.70%     22.24%
         900         910       5.6819372e-09    2.03786e-09    4.8221036e-09    1.71423e-09    6.8028335e-09    2.46959e-09       -15.13%     19.73%
         910         920       3.1925826e-08    2.10042e-08    2.6645219e-08    1.75310e-08    3.8893123e-08    2.55830e-08       -16.54%     21.82%
         920         930       1.2984438e-09    9.07695e-10    1.0780857e-09    7.53590e-10    1.5928117e-09    1.11358e-09       -16.97%     22.67%
         930         940       8.1167442e-09    3.91940e-09    7.0342477e-09    3.40627e-09    9.4909304e-09    4.56914e-09       -13.34%     16.93%
         940         950       1.9666870e-09    9.53404e-10    1.7456481e-09    8.60606e-10    2.2292613e-09    1.05752e-09       -11.24%     13.35%
         950         960       1.9634286e-09    9.25814e-10    1.6687728e-09    7.90021e-10    2.3488150e-09    1.10512e-09       -15.01%     19.63%
         960         970       2.0069779e-11    1.41859e-11    1.6131723e-11    1.14027e-11    2.5542362e-11    1.80535e-11       -19.62%     27.27%
         970         980       2.1359131e-09    1.25237e-09    2.0023173e-09    1.19513e-09    2.2725363e-09    1.30145e-09        -6.25%      6.40%
         980         990       1.0245281e-10    4.80166e-11    8.9611466e-11    4.31496e-11    1.1857133e-10    5.38645e-11       -12.53%     15.73%
         990        1000       2.0658741e-10    1.45806e-10    1.8504125e-10    1.30607e-10    2.2859008e-10    1.61319e-10       -10.43%     10.65%
