#  left-edge  right-edge       scale-central  central-error        scale-min      min-error        scale-max      max-error      rel-down     rel-up
           0         0.1          0.82157706      0.0730048       0.77054383      0.0650124       0.88264711      0.0784818        -6.21%      7.43%
         0.1         0.2           5.3068185       0.140096        4.9947430       0.131099        5.6939324       0.151298        -5.88%      7.29%
         0.2         0.3           18.391333       0.397554        17.504544       0.363000        19.359473       0.434786        -4.82%      5.26%
         0.3         0.4           32.486667       0.645192        30.962107       0.576091        33.607767       0.714096        -4.69%      3.45%
         0.4         0.5           41.026655        2.43230        39.102712        2.14338        42.284838        2.69841        -4.69%      3.07%
         0.5         0.6           47.032846        2.82619        44.764626        2.49533        48.512213        3.12865        -4.82%      3.15%
         0.6         0.7           55.441526        2.32572        52.497347        2.04906        57.483942        2.57902        -5.31%      3.68%
         0.7         0.8           60.605217        2.36198        56.930590        2.08651        63.323299        2.61487        -6.06%      4.48%
         0.8         0.9           52.918696        2.22198        50.170092        1.98249        54.750727        2.43927        -5.19%      3.46%
         0.9           1           57.312504        3.03941        54.204636        2.66827        59.418072        3.38125        -5.42%      3.67%
           1         1.1           62.874284        2.91712        58.923006        2.56254        65.766843        3.24331        -6.28%      4.60%
         1.1         1.2           55.904273        3.07554        53.032646        2.78840        57.729988        3.33145        -5.14%      3.27%
         1.2         1.3           66.773003        3.19923        62.823381        2.89010        69.531449        3.47801        -5.91%      4.13%
         1.3         1.4           72.134606        5.69423        67.725471        5.14442        75.254330        6.18073        -6.11%      4.32%
         1.4         1.5           61.456316        7.09915        57.904418        6.34510        63.786425        7.77807        -5.78%      3.79%
         1.5         1.6           63.668206        5.41913        60.551192        4.77790        65.395521        6.01862        -4.90%      2.71%
         1.6         1.7           69.686352        3.44299        66.030484        3.02874        71.891309        3.84618        -5.25%      3.16%
         1.7         1.8           72.633920        2.99193        68.324434        2.62296        75.453848        3.34466        -5.93%      3.88%
         1.8         1.9           69.437712        3.27637        66.097573        2.82151        71.152194        3.72139        -4.81%      2.47%
         1.9           2           81.159382        3.43531        76.507227        2.93472        84.079046        3.93626        -5.73%      3.60%
           2         2.1           87.475965        3.82437        82.390863        3.22926        90.650800        4.42555        -5.81%      3.63%
         2.1         2.2           90.690831        4.00963        85.556715        3.35913        93.746409        4.66660        -5.66%      3.37%
         2.2         2.3           80.883467        3.96143        77.878770        3.34912        82.452800        4.14999        -3.71%      1.94%
         2.3         2.4           102.73211        3.83952        97.616835        3.30356        105.30542        4.37898        -4.98%      2.50%
         2.4         2.5           100.97505        4.56724        96.190685        4.04295        103.23903        5.06193        -4.74%      2.24%
         2.5         2.6           110.03098        5.72915        105.00791        4.96747        112.40282        5.87965        -4.57%      2.16%
         2.6         2.7           125.45525        7.07389        118.80692        5.84216        129.02206        8.35367        -5.30%      2.84%
         2.7         2.8           128.45965        7.82737        123.55259        6.66613        130.84796        8.18096        -3.82%      1.86%
         2.8         2.9           157.23991        7.25897        150.16762        6.46109        160.29450        8.02096        -4.50%      1.94%
         2.9           3           173.16387        6.51226        166.83597        5.70722        176.22930        6.60648        -3.65%      1.77%
           3         3.1           188.36317        13.4527        181.48834        11.6058        194.04817        13.7854        -3.65%      3.02%
         3.1         3.2           175.45328        13.6306        169.87823        13.1273        180.99139        13.9724        -3.18%      3.16%
         3.2         3.3           127.39726        6.48236        122.00526        5.61969        130.83767        6.61447        -4.23%      2.70%
         3.3         3.4           75.028586        5.67462        72.868406        6.33804        76.898137        5.73756        -2.88%      2.49%
         3.4         3.5           68.919817        4.80038        66.164661        4.22310        70.873271        4.87702        -4.00%      2.83%
         3.5         3.6           66.446713        5.32985        62.336613        4.50600        69.262718        6.16381        -6.19%      4.24%
         3.6         3.7           33.361647        5.09893        31.771407        5.69610        34.643633        4.61765        -4.77%      3.84%
         3.7         3.8           30.042723        4.23820        29.441366        3.96912        30.674875        4.49176        -2.00%      2.10%
         3.8         3.9           19.964274        4.17507        18.562288        4.66412        21.094498        3.78093        -7.02%      5.66%
         3.9           4           32.203720        4.07641        29.758772        3.39718        34.131558        4.78029        -7.59%      5.99%
           4         4.1          -7.1868876        10.6097       -10.882661        12.0208       -3.8352545        9.12338        51.42%    -46.64%
         4.1         4.2           37.465511        10.4518        34.126540        9.04148        40.195761        11.7661        -8.91%      7.29%
         4.2         4.3           10.097592        3.04130        9.4410415        3.39744        10.626877        2.75429        -6.50%      5.24%
         4.3         4.4           20.153787        3.43080        18.694974        2.94424        21.295336        3.90830        -7.24%      5.66%
         4.4         4.5           2.8235402        2.88939        1.8954491        3.22813        3.5717295        2.61638       -32.87%     26.50%
         4.5         4.6           5.4531969        1.77856        4.9842319        1.98643        5.8312574        1.61110        -8.60%      6.93%
         4.6         4.7           10.624093        2.41120        10.099813        2.01239        10.988136        2.69269        -4.93%      3.43%
         4.7         4.8           9.9107715        2.64115        9.2410390        2.24919        10.433984        3.04010        -6.76%      5.28%
         4.8         4.9           5.0850058        1.45372        4.8858526        1.30066        5.1863375        1.58822        -3.92%      1.99%
         4.9           5           1.4112675        2.41047        1.0109352        2.69319        1.7339991        2.18258       -28.37%     22.87%
           5         5.1         -0.60397633        1.40442       -1.1597362        1.56918      -0.15594539        1.27165        92.02%    -74.18%
         5.1         5.2           1.3742395        2.10620       0.99175064        2.46768        1.6556721        1.75369       -27.83%     20.48%
         5.2         5.3           5.1812905        1.62765        4.5622983        1.29632        5.7617392        1.97733       -11.95%     11.20%
         5.3         5.4           1.8959347       0.728371        1.8002873       0.799311        1.9522512       0.659832        -5.04%      2.97%
         5.4         5.5           1.6316087        1.05001        1.5481661        1.18157        1.6883623       0.951030        -5.11%      3.48%
         5.5         5.6           3.9379446        1.09153        3.5272510       0.936430        4.3043675        1.23960       -10.43%      9.30%
         5.6         5.7         -0.31099482       0.855939      -0.52839803       0.956456      -0.13573321       0.774965        69.91%    -56.36%
         5.7         5.8           2.2264250       0.789871        2.0756157       0.729362        2.3427437       0.841714        -6.77%      5.22%
         5.8         5.9         -0.18944546       0.840138      -0.34662991       0.938805     -0.062729755       0.760658        82.97%    -66.89%
         5.9           6         -0.93460311       0.649628       -1.1618224       0.727108      -0.75142815       0.587284        24.31%    -19.60%
           6         6.1           1.2923102       0.600557        1.2464590       0.544228        1.3491864       0.670471        -3.55%      4.40%
         6.1         6.2          0.81334526       0.522777       0.72586631       0.445038       0.89300922       0.602230       -10.76%      9.79%
         6.2         6.3          0.76437712       0.624781       0.73825888       0.647185       0.78589328       0.595967        -3.42%      2.81%
         6.3         6.4         -0.35406422       0.376758      -0.44548187       0.422058      -0.27561614       0.328092        25.82%    -22.16%
         6.4         6.5          0.58084075       0.567660       0.55680755       0.498697       0.59417796       0.634063        -4.14%      2.30%
         6.5         6.6          0.60695705       0.217088       0.57728696       0.196156       0.63979820       0.241838        -4.89%      5.41%
         6.6         6.7          0.26786141       0.208192       0.23658834       0.199735       0.30054503       0.215478       -11.68%     12.20%
         6.7         6.8         -0.80201875       0.364552      -0.92760584       0.407633      -0.68866599       0.320796        15.66%    -14.13%
         6.8         6.9          0.40738957       0.386867       0.37802601       0.352831       0.42824335       0.416434        -7.21%      5.12%
         6.9           7          0.65500172       0.263525       0.59548788       0.233267       0.70881930       0.294139        -9.09%      8.22%
           7         7.1        -0.067696319      0.0821760     -0.094492100      0.0918474     -0.046094651      0.0744049        39.58%    -31.91%
         7.1         7.2          0.43973147       0.217894       0.40488572       0.200261       0.47876420       0.242902        -7.92%      8.88%
         7.2         7.3          0.22854893      0.0969085       0.20204563      0.0858912       0.25209084       0.106712       -11.60%     10.30%
         7.3         7.4         -0.16925712       0.125471      -0.19197361       0.141282      -0.15094401       0.112732        13.42%    -10.82%
         7.4         7.5         -0.28097943       0.163273      -0.32296592       0.182567      -0.24713163       0.147724        14.94%    -12.05%
         7.5         7.6        -0.012873760       0.220589     -0.072080957       0.276264      0.042083653       0.168281       459.91%   -426.89%
         7.6         7.7         -0.15557536      0.0981906      -0.20375204       0.119130      -0.10908228      0.0782001        30.97%    -29.88%
         7.7         7.8         -0.20048081       0.140694      -0.22953706       0.157243      -0.17387207       0.123021        14.49%    -13.27%
         7.8         7.9         0.070058602       0.116140      0.064346044       0.106595      0.074973315       0.123914        -8.15%      7.02%
         7.9           8        -0.022522988      0.0452425     -0.025920646      0.0519618     -0.019783934      0.0398288        15.09%    -12.16%
           8         8.1          0.26810190       0.106799       0.21671548      0.0843724       0.31799882       0.129888       -19.17%     18.61%
         8.1         8.2         0.033776663      0.0447820      0.032686924      0.0406883      0.035128429      0.0498719        -3.23%      4.00%
         8.2         8.3        -0.026431405      0.0339437     -0.031800806      0.0380122     -0.022061791      0.0291733        20.31%    -16.53%
         8.3         8.4         0.062686140      0.0455340      0.058767168      0.0416743      0.066855599      0.0506590        -6.25%      6.65%
         8.4         8.5       -0.0078519694      0.0176643     -0.011814570      0.0196350    -0.0046574818      0.0160863        50.47%    -40.68%
         8.5         8.6        -0.050444114      0.0453137     -0.057739533      0.0506346     -0.044562843      0.0410253        14.46%    -11.66%
         8.6         8.7         0.058911960      0.0783689      0.052587902      0.0702694      0.065366565      0.0863581       -10.73%     10.96%
         8.7         8.8        0.0066458913     0.00959740     0.0060550428     0.00885095     0.0070900350      0.0102165        -8.89%      6.68%
         8.8         8.9         0.067478378      0.0489477      0.061681064      0.0443211      0.074669655      0.0546870        -8.59%     10.66%
         8.9           9          0.33151800       0.233137       0.22548349       0.158480       0.43926478       0.309084       -31.98%     32.50%
           9         9.1         0.021575825      0.0181150      0.019169835      0.0145492      0.023563964      0.0202341       -11.15%      9.21%
         9.1         9.2        0.0021834112    0.000751815     0.0019079505    0.000802400     0.0024474963    0.000790013       -12.62%     12.10%
         9.2         9.3        0.0030025483     0.00152866     0.0025678255     0.00139233     0.0034476907     0.00163874       -14.48%     14.83%
         9.3         9.4        0.0018699142    0.000587264     0.0016599915    0.000597426     0.0021104714    0.000630197       -11.23%     12.86%
         9.4         9.5         0.016566814     0.00609081      0.015575126     0.00562191      0.017796952     0.00668424        -5.99%      7.43%
         9.5         9.6       -0.0033916193     0.00525082    -0.0040802723     0.00584367    -0.0027837518     0.00479481        20.30%    -17.92%
         9.6         9.7       -0.0073703039     0.00604681    -0.0083803443     0.00675412    -0.0065560505     0.00547690        13.70%    -11.05%
         9.7         9.8        0.0022933270    0.000867542     0.0020473375    0.000768564     0.0025205316    0.000958572       -10.73%      9.91%
         9.8         9.9        0.0025854721     0.00114443     0.0022330799    0.000989903     0.0029168060     0.00128935       -13.63%     12.82%
         9.9          10       0.00019197849    0.000129603    0.00017310488    0.000117779    0.00020875470    0.000139939        -9.83%      8.74%
