#  left-edge  right-edge       scale-central  central-error        scale-min      min-error        scale-max      max-error      rel-down     rel-up
           0          10           8.4818910      0.0619985        7.9793809      0.0597885        9.0033223      0.0658171        -5.92%      6.15%
          10          20           3.0462154      0.0340583        2.7580361      0.0308363        3.4036874      0.0380550        -9.46%     11.73%
          20          30           1.2586153      0.0159093        1.1395472      0.0144043        1.4063132      0.0177763        -9.46%     11.73%
          30          40          0.63498180     0.00831843       0.57491099     0.00753148       0.70949661     0.00929459        -9.46%     11.73%
          40          50          0.38351681     0.00583724       0.34723520     0.00528502       0.42852233     0.00652223        -9.46%     11.73%
          50          60          0.25516824     0.00454666       0.23102871     0.00411654       0.28511211     0.00508021        -9.46%     11.73%
          60          70          0.16264829     0.00312541       0.14726137     0.00282974       0.18173498     0.00349218        -9.46%     11.73%
          70          80          0.12380382     0.00350776       0.11209168     0.00317592       0.13833214     0.00391939        -9.46%     11.73%
          80          90         0.089050751     0.00232531      0.080626335     0.00210533      0.099500814     0.00259818        -9.46%     11.73%
          90         100         0.065717498     0.00187464      0.059500464     0.00169730      0.073429415     0.00209463        -9.46%     11.73%
         100         110         0.046614886     0.00146375      0.042205005     0.00132527      0.052085121     0.00163552        -9.46%     11.73%
         110         120         0.039690618     0.00182777      0.035935790     0.00165486      0.044348293     0.00204226        -9.46%     11.73%
         120         130         0.030207475     0.00135594      0.027349775     0.00122766      0.033752308     0.00151506        -9.46%     11.73%
         130         140         0.023768739     0.00123284      0.021417717     0.00111727      0.026557989     0.00137751        -9.89%     11.73%
         140         150         0.016785974    0.000727233      0.015054369    0.000649856      0.018772648    0.000817874       -10.32%     11.84%
         150         160         0.015194880    0.000769593      0.013564808    0.000687468      0.017084029    0.000864865       -10.73%     12.43%
         160         170         0.012943752    0.000948154      0.011487945    0.000832134      0.014659182     0.00108993       -11.25%     13.25%
         170         180        0.0097364652    0.000862324     0.0086323319    0.000758572      0.011034813    0.000986253       -11.34%     13.33%
         180         190        0.0085286540    0.000530781     0.0075450967    0.000463704     0.0096908781    0.000613187       -11.53%     13.63%
         190         200        0.0072295021    0.000823023     0.0063925967    0.000728117     0.0082186712    0.000935344       -11.58%     13.68%
         200         210        0.0058639978    0.000388425     0.0051381962    0.000337498     0.0067378563    0.000451020       -12.38%     14.90%
         210         220        0.0052775885    0.000596052     0.0046004161    0.000513718     0.0060989627    0.000697376       -12.83%     15.56%
         220         230        0.0037084545    0.000406749     0.0032220490    0.000345020     0.0043069686    0.000486960       -13.12%     16.14%
         230         240        0.0033938919    0.000281212     0.0029528066    0.000243550     0.0039308776    0.000327531       -13.00%     15.82%
         240         250        0.0029215595    0.000301362     0.0025253260    0.000259928     0.0034106873    0.000353265       -13.56%     16.74%
         250         260        0.0031918820    0.000573576     0.0027336537    0.000485647     0.0037663400    0.000686119       -14.36%     18.00%
         260         270        0.0019563286    0.000200248     0.0016945781    0.000171989     0.0022794323    0.000235971       -13.38%     16.52%
         270         280        0.0020680967    0.000328839     0.0017793105    0.000284810     0.0024273367    0.000383021       -13.96%     17.37%
         280         290        0.0019270095    0.000236822     0.0016570278    0.000202331     0.0022627925    0.000280075       -14.01%     17.43%
         290         300        0.0014352230    0.000244390     0.0012305049    0.000206774     0.0016907384    0.000292170       -14.26%     17.80%
         300         310        0.0014068850    0.000243591     0.0012143833    0.000209720     0.0016446306    0.000285772       -13.68%     16.90%
         310         320        0.0015346156    0.000363344     0.0012969182    0.000302417     0.0018413103    0.000444492       -15.49%     19.99%
         320         330       0.00071092520    0.000191081    0.00060146966    0.000158135    0.00085071620    0.000234497       -15.40%     19.66%
         330         340       0.00077365852    0.000109417    0.00065512898    9.10397e-05    0.00092501104    0.000133594       -15.32%     19.56%
         340         350        0.0010353592    0.000350342    0.00088160518    0.000300512     0.0012308030    0.000413307       -14.85%     18.88%
         350         360       0.00098469622    0.000235596    0.00083660317    0.000201744     0.0011728933    0.000278187       -15.04%     19.11%
         360         370       0.00060731294    0.000132742    0.00050720136    0.000108681    0.00073826043    0.000165123       -16.48%     21.56%
         370         380       0.00061253619    0.000128991    0.00051719539    0.000107433    0.00073507392    0.000157582       -15.56%     20.00%
         380         390       0.00041961613    7.70353e-05    0.00035591632    6.53803e-05    0.00050085393    9.18998e-05       -15.18%     19.36%
         390         400       0.00036575117    7.75640e-05    0.00030756898    6.51180e-05    0.00044118432    9.38111e-05       -15.91%     20.62%
         400         410       0.00026800250    6.55538e-05    0.00022645891    5.53032e-05    0.00032136051    7.86786e-05       -15.50%     19.91%
         410         420       0.00025436615    6.87256e-05    0.00021151115    5.62215e-05    0.00031077843    8.55917e-05       -16.85%     22.18%
         420         430       0.00022720805    7.05229e-05    0.00018921039    5.78932e-05    0.00027690932    8.72580e-05       -16.72%     21.87%
         430         440       0.00021547843    5.47115e-05    0.00017782533    4.47338e-05    0.00026546932    6.81132e-05       -17.47%     23.20%
         440         450       0.00015426006    3.06658e-05    0.00012973900    2.57478e-05    0.00018577194    3.70333e-05       -15.90%     20.43%
         450         460       0.00018843452    3.67258e-05    0.00015641687    3.07114e-05    0.00023076676    4.46686e-05       -16.99%     22.47%
         460         470       0.00027198799    7.82799e-05    0.00022467968    6.42117e-05    0.00033495673    9.72257e-05       -17.39%     23.15%
         470         480       9.9518217e-05    2.18921e-05    8.3184089e-05    1.82011e-05    0.00012083404    2.67780e-05       -16.41%     21.42%
         480         490       0.00017151813    6.12112e-05    0.00013806563    4.78401e-05    0.00021770153    8.03991e-05       -19.50%     26.93%
         490         500       0.00011162694    2.10283e-05    9.3096215e-05    1.75525e-05    0.00013588099    2.55821e-05       -16.60%     21.73%
